State	District	Population	Winner	PVI	Vote gap	Wasted votes	FV Safe D	FV Lean D	FV Tossup	FV Lean R	FV Safe R	Pop per seats	Compactness	Area	Paired edge length	Unpaired edge length	PRES04_DEM vote %	PRES04_REP vote %	PRES04_DEM votes	PRES04_REP votes	VAP_WHITE %	VAP_BLACK %	VAP_HISPAN %	VAP_ASIAN %	VAP_HAWAII %	VAP_INDIAN %	VAP_MULTI %	VAP_OTHER %	VAP_WHITE pop	VAP_BLACK pop	VAP_HISPAN pop	VAP_ASIAN pop	VAP_HAWAII pop	VAP_INDIAN pop	VAP_MULTI pop	VAP_OTHER pop
Alabama	1	1,593,769	1,2,	R+12	154270	104545	1.0	0.0	0.0	0.0	2.0	531,256	0.43492118531072255	3.9566049612952266E12	6581862.575744193	5480250.395785623	0.3770306247708323	0.6229693752291676	236,500	390,770	0.654644644	0.286608265	0.031218293	0.013920020	0.000303812	0.005192041	0.007480535	0.000632390	792,956	347,162	37,814	16,861	368	6,289	9,061	766
Alabama	2	1,592,828	1,2,	R+15	179950	98300	1.0	0.0	0.0	0.0	2.0	530,943	0.3955527323119817	4.1568212241036587E12	7101842.208587805	5853113.069089993	0.3474473965309687	0.6525526034690313	204,921	384,869	0.677361778	0.272810641	0.025472388	0.010711790	0.000438840	0.004286685	0.008465095	0.000452784	825,788	332,590	31,054	13,059	535	5,226	10,320	552
Alabama	3	1,593,139	1,2,	R+11	132762	101607	1.0	0.0	0.0	0.0	2.0	531,046	0.5906042036336719	2.901225482881492E12	4296368.150390356	4747283.685168187	0.39111463965146187	0.6088853603485381	238,436	371,196	0.749474063	0.182866619	0.040651636	0.008471693	0.000419928	0.006602974	0.011084942	0.000428146	912,017	222,526	49,468	10,309	511	8,035	13,489	521
Alaska	1	667,047	0,1,	R+12	72662	146980	0.0	0.0	0.0	0.0	1.0	667,047	0.2264219287995333	1.5083765280721478E14	0.0	1.2199423518190756E8	0.3764083548782147	0.6235916451217853	110,649	183,311	0.682767432	0.030848059	0.046737802	0.053328565	0.008598975	0.132700778	0.043645155	0.001373235	356,987	16,129	24,437	27,883	4,496	69,383	22,820	718
Arizona	1	2,455,782	2,3,	R+8	114948	76357	2.0	0.0	0.0	1.0	2.0	491,156	0.5257780680538517	1.1023691921356676E13	8106961.865939301	1.0833144906955346E7	0.4247300491772148	0.5752699508227852	324,309	439,256	0.660660208	0.031160645	0.245281155	0.024193013	0.001333387	0.023985597	0.012308861	0.001077135	1,204,005	56,788	447,007	44,090	2,430	43,712	22,432	1,963
Arizona	2	2,458,655	2,3,	R+3	51954	80397	2.0	0.0	1.0	0.0	2.0	491,731	0.29745767693211755	2.9027973642234116E12	9193506.87987694	2507194.3520977665	0.4676898735358104	0.5323101264641896	375,996	427,947	0.583067633	0.047006901	0.295351341	0.036715211	0.001805818	0.021102056	0.013584268	0.001366771	1,069,065	86,188	541,532	67,318	3,311	38,691	24,907	2,506
Arizona	3	1,477,580	1,2,	R+5	43852	71345	1.0	0.0	0.0	1.0	1.0	492,527	0.39473134269232424	1.0004362483580352E13	1.1661357990158897E7	8246624.7548162155	0.4487799750037961	0.5512200249962038	192,107	235,958	0.672796728	0.026442156	0.183065386	0.018886996	0.002221203	0.083829393	0.011772644	0.000985495	744,825	29,273	202,664	20,909	2,459	92,804	13,033	1,091
Arkansas	1	2,915,918	2,3,	R+5	103008	104009	2.0	0.0	0.0	1.0	2.0	583,184	0.33550710818491253	5.793552034463347E12	7651719.064127145	9438783.26255198	0.4504812605941268	0.5495187394058731	468,537	571,544	0.775210337	0.142388349	0.050395497	0.012152730	0.001438459	0.006748190	0.011198294	0.000468145	1,708,907	313,887	111,094	26,790	3,171	14,876	24,686	1,032
California	1	2,544,236	3,2,	D+6	110498	86942	2.0	1.0	0.0	0.0	2.0	508,847	0.32156379547021463	1.2764596036547227E12	4712287.719652635	3133972.7511554905	0.5635472932559146	0.4364527067440855	489,939	379,445	0.577768296	0.031573130	0.275556999	0.087903814	0.001803008	0.002973939	0.020448263	0.001972552	1,127,973	61,640	537,968	171,614	3,520	5,806	39,921	3,851
California	2	2,652,932	4,1,	D+26	122242	103252	4.0	0.0	0.0	1.0	0.0	530,586	0.22740326701405497	2.374649614634322E11	3566910.530540386	74096.56854245778	0.7591952642548873	0.24080473574511277	783,860	248,628	0.412915312	0.101835649	0.186541318	0.258501513	0.006527823	0.002601011	0.028304255	0.002773119	873,294	215,377	394,525	546,717	13,806	5,501	59,862	5,865
California	3	2,550,874	3,2,	D+11	142522	78798	3.0	0.0	0.0	1.0	1.0	510,175	0.337288386642387	7.073602556082147E10	1623396.3502723468	0.0	0.6095636591612286	0.39043634083877143	480,313	307,649	0.169606175	0.035429762	0.591114916	0.188985030	0.002205571	0.002031122	0.009249011	0.001378415	315,978	66,006	1,101,253	352,081	4,109	3,784	17,231	2,568
California	4	2,640,798	3,2,	D+9	201822	109565	3.0	0.0	0.0	1.0	1.0	528,160	0.34414597847817047	9.50772814641149E12	1.049797720403279E7	1.0846077895152701E7	0.5921020566305869	0.40789794336941315	648,723	446,904	0.651613021	0.048235958	0.188002555	0.068686092	0.003690712	0.011749791	0.025545825	0.002476047	1,325,044	98,087	382,300	139,672	7,505	23,893	51,947	5,035
California	5	2,636,263	2,3,	R+1	21422	77903	2.0	0.0	1.0	0.0	2.0	527,253	0.2500686640440065	4.482251363412182E12	1.3214153473596005E7	2391822.000454297	0.4862523700043774	0.5137476299956226	378,794	400,213	0.448692888	0.039461464	0.408726816	0.073258591	0.003470689	0.005225503	0.018684685	0.002479364	852,735	74,996	776,780	139,227	6,596	9,931	35,510	4,712
California	6	2,543,408	3,2,	D+14	93652	77264	3.0	0.0	1.0	0.0	1.0	508,682	0.34025780659056176	8.905704345621909E10	1813572.9083898813	0.0	0.6393937864273704	0.3606062135726295	493,995	278,604	0.408294364	0.038331506	0.371709917	0.156802178	0.000873280	0.001808937	0.019939729	0.002240088	818,197	76,814	744,884	314,222	1,750	3,625	39,958	4,489
California	7	2,559,152	2,3,	R+3	37296	67524	2.0	0.0	1.0	0.0	2.0	511,830	0.35262336092811725	5.814555485411438E12	1.21772000968476E7	2956888.9713497465	0.47238406104030356	0.5276159389596965	318,966	356,260	0.459492104	0.080944937	0.380207601	0.050930788	0.002449731	0.006053472	0.018071435	0.001849931	836,555	147,369	692,209	92,725	4,460	11,021	32,901	3,368
California	8	2,559,122	2,3,	R+5	73890	69896	2.0	0.0	0.0	1.0	2.0	511,824	0.35095973050927914	2.0658513727123917E11	2719730.205463354	0.0	0.4471429327663885	0.5528570672336115	312,531	386,420	0.357653164	0.066562596	0.431769062	0.120700753	0.002475762	0.002921161	0.016102233	0.001815269	658,457	122,545	794,908	222,216	4,558	5,378	29,645	3,342
California	9	2,646,419	4,1,	D+19	169450	192804	3.0	0.0	1.0	0.0	1.0	529,284	0.3765032190665692	3.5116604985335376E11	2569013.076351806	1139384.3658263464	0.6878866653112202	0.31211333468877983	663,131	300,881	0.424868971	0.025498574	0.221508318	0.297031809	0.004991733	0.002219309	0.021672737	0.002208549	868,764	52,139	452,936	607,365	10,207	4,538	44,316	4,516
California	10	2,556,588	2,3,	R+6	116970	90198	2.0	0.0	0.0	1.0	2.0	511,318	0.25088024294297595	3.4459389028607153E11	2947681.1581069175	1609177.5588514274	0.4351592235227075	0.5648407764772925	392,501	509,470	0.612243241	0.023729236	0.220216006	0.113900534	0.003276251	0.002932232	0.021763485	0.001939016	1,213,741	47,042	436,567	225,802	6,495	5,813	43,145	3,844
California	11	2,559,083	2,3,	R+4	64052	82867	2.0	0.0	1.0	0.0	2.0	511,817	0.42984035217009864	2.0803436212781047E12	5223801.152569622	3433118.5869511776	0.461352712387816	0.538647287612184	382,305	446,356	0.490125797	0.051425972	0.325071841	0.101663786	0.003597418	0.005743631	0.020624358	0.001747198	937,221	98,337	621,604	194,402	6,879	10,983	39,438	3,341
California	12	2,541,972	3,2,	D+14	93584	77217	3.0	0.0	1.0	0.0	1.0	508,394	0.2801357830487128	4.368173433396736E10	1399814.7815707885	0.0	0.6394009917852004	0.36059900821479957	493,709	278,434	0.164611149	0.193992908	0.483451407	0.133645905	0.003466322	0.001851103	0.015743892	0.003237314	311,241	366,795	914,093	252,693	6,554	3,500	29,768	6,121
California	13	1,577,221	1,2,	R+5	53628	92225	1.0	0.0	0.0	1.0	1.0	525,740	0.3374109430178268	2.9010110271031963E12	8451010.556072047	2591205.5366913453	0.45154288915595153	0.5484571108440485	249,859	303,486	0.599268934	0.057517201	0.188960175	0.113489584	0.005650150	0.006966987	0.026124075	0.002022893	704,467	67,614	222,131	133,412	6,642	8,190	30,710	2,378
California	14	1,568,744	1,2,	R+12	92796	65506	1.0	0.0	0.0	0.0	2.0	522,915	0.40791813575533237	4.635320002552376E12	1.0148571872794423E7	2401551.247650711	0.38194988652207984	0.6180501134779202	150,117	242,911	0.418507001	0.038277617	0.447379699	0.068429647	0.001100226	0.009502696	0.015258777	0.001544337	457,981	41,888	489,577	74,884	1,204	10,399	16,698	1,690
California	15	1,576,768	1,2,	R+4	50518	98166	1.0	0.0	0.0	1.0	1.0	525,589	0.15543900727238882	2.2902086632994326E12	1.0286677163658835E7	4427099.90736544	0.4571157891519933	0.5428842108480066	269,238	319,755	0.631124763	0.053470120	0.175569709	0.096169257	0.005345339	0.008301588	0.028207329	0.001811894	754,468	63,920	209,882	114,964	6,390	9,924	33,720	2,166
California	16	1,540,376	1,2,	R+6	66878	88042	1.0	0.0	0.0	1.0	1.0	513,459	0.6067502698912766	8.856733451829372E10	1354368.143944937	0.0	0.43670005433146736	0.5632999456685326	230,682	297,557	0.312051595	0.035029962	0.428618182	0.200322688	0.005049396	0.002411783	0.014983226	0.001533167	353,742	39,710	485,882	227,086	5,724	2,734	16,985	1,738
Colorado	1	2,514,601	3,2,	D+3	61546	105231	2.0	0.0	1.0	0.0	2.0	502,920	0.6413564974500289	4.066259059444133E12	5439903.446180264	4648014.246426443	0.5292422724793258	0.4707577275206742	556,910	495,368	0.715538764	0.041700877	0.191107434	0.030585431	0.000909641	0.005108669	0.013758385	0.001290799	1,364,780	79,538	364,508	58,337	1,735	9,744	26,242	2,462
Colorado	2	2,514,595	2,3,	R+8	161076	104752	2.0	0.0	0.0	1.0	2.0	502,919	0.8559340081163752	1.7729843717320367E13	5439903.446180261	1.4258557252773726E7	0.42311481607356294	0.5768851839264371	443,206	604,278	0.762420494	0.031258158	0.158183480	0.023732215	0.001249314	0.007489554	0.014407451	0.001259334	1,445,733	59,273	299,954	45,002	2,369	14,202	27,320	2,388
Connecticut	1	1,841,517	2,2,	D+5	125004	99118	2.0	0.0	0.0	1.0	1.0	460,379	0.5787272364691286	4.295547281887367E11	1828535.2944906813	1634029.7338561001	0.54617728364172	0.45382271635828003	433,088	359,856	0.712038610	0.099930720	0.133094560	0.038838727	0.000257853	0.001278638	0.010562757	0.003998136	1,005,155	141,068	187,884	54,827	364	1,805	14,911	5,644
Connecticut	2	1,732,580	2,1,	D+6	89340	126027	1.0	1.0	0.0	0.0	1.0	577,527	0.5289885101402545	7.314363320251351E11	1828535.2944906808	3119828.4336587638	0.5590743721211335	0.4409256278788664	422,748	333,409	0.774025883	0.078003663	0.097413901	0.033936514	0.000271290	0.002407420	0.011809660	0.002131670	1,041,393	104,948	131,063	45,659	365	3,239	15,889	2,868
Delaware	1	897,934	1,1,	D+4	157192	92843	1.0	0.0	0.0	0.0	1.0	448,967	0.8135230378925188	5.1979433470856586E11	0.0	3778109.2446150845	0.5383631506952598	0.46163684930474025	199,933	171,439	0.690056908	0.195015957	0.066654242	0.031303049	0.000255718	0.003247762	0.012268680	0.001197684	477,636	134,984	46,136	21,667	177	2,248	8,492	829
Florida	1	2,993,653	2,3,	R+6	79330	61888	2.0	0.0	0.0	1.0	2.0	598,731	0.25823291083952515	1.3314377872199011E12	6825097.316113126	1632306.3714170358	0.43590845704258013	0.5640915429574199	269,765	349,092	0.661675740	0.118533810	0.171898032	0.030065817	0.000670537	0.002623509	0.011985109	0.002547446	1,557,146	278,950	404,534	70,755	1,578	6,174	28,205	5,995
Florida	2	2,760,933	2,3,	R+4	42794	59376	2.0	0.0	1.0	0.0	2.0	552,187	0.27892609140105684	2.488651328628367E12	5380357.632829784	6944448.18609472	0.4639635542980329	0.5360364457019672	275,483	318,277	0.377605973	0.089297305	0.505727932	0.017313428	0.000233340	0.001390315	0.006850184	0.001581524	815,607	192,877	1,092,343	37,396	504	3,003	14,796	3,416
Florida	3	2,527,958	2,3,	R+9	114344	65819	1.0	1.0	0.0	0.0	3.0	505,592	0.29674801113767507	5.09628670552423E12	5472904.995937715	1.2290188563083215E7	0.4131362595588023	0.5868637404411977	271,911	386,252	0.756501585	0.145241098	0.058738331	0.019786425	0.000703737	0.004764064	0.013197933	0.001066827	1,516,794	291,210	117,771	39,672	1,411	9,552	26,462	2,139
Florida	4	2,830,202	2,3,	R+4	51526	57299	2.0	0.0	0.0	1.0	2.0	566,040	0.4243052813040524	1.0200552011930322E12	4072737.0718078674	1898204.0697633012	0.45503760973140894	0.5449623902685911	260,732	312,258	0.764896373	0.082332656	0.116207902	0.022627258	0.000530826	0.002278655	0.009845435	0.001280896	1,747,880	188,140	265,549	51,706	1,213	5,207	22,498	2,927
Florida	5	2,417,581	3,2,	D+14	116730	92007	3.0	0.0	1.0	0.0	1.0	483,516	0.2788847086145577	1.5284854934455505E11	2452004.130533276	229806.4705889452	0.6365637258258582	0.36343627417414187	585,666	334,377	0.576079396	0.207633585	0.171418627	0.026413894	0.000450968	0.001882094	0.012366173	0.003755264	1,097,312	395,499	326,517	50,313	859	3,585	23,555	7,153
Florida	6	1,706,384	2,3,	R+6	55296	42560	2.0	0.0	0.0	1.0	2.0	341,277	0.254899926815595	1.8641387164371682E12	8093544.338250544	1990581.4501693544	0.43503720988159106	0.564962790118409	185,134	240,425	0.729526805	0.106933294	0.130495394	0.018378038	0.000423249	0.002653446	0.010001110	0.001588664	985,919	144,515	176,358	24,837	572	3,586	13,516	2,147
Florida	7	1,744,992	3,2,	D+7	57910	41319	2.0	1.0	0.0	0.0	2.0	348,998	0.2235912603904008	1.1685254695400658E11	2079213.0650324342	644640.1396430815	0.5700776233271774	0.4299223766728226	235,527	177,622	0.329828691	0.238497529	0.392555844	0.022614805	0.000435605	0.001487951	0.012071545	0.002508030	449,761	325,220	535,297	30,838	594	2,029	16,461	3,420
Florida	8	1,819,607	1,2,	R+4	31484	61492	1.0	0.0	0.0	1.0	1.0	606,536	0.25119211845710104	6.299468445514402E11	5613760.496865534	0.0	0.4573332032351092	0.5426667967648908	168,734	200,218	0.645387246	0.158067250	0.145945408	0.031835552	0.000585052	0.002864938	0.012767216	0.002547338	888,018	217,492	200,813	43,804	805	3,942	17,567	3,505
Georgia	1	2,295,331	1,4,	R+24	54308	72869	1.0	0.0	0.0	1.0	3.0	459,066	0.47989741713781375	1.7852100794725396E12	3891934.7368150796	3926959.622529231	0.2627367993456625	0.7372632006543375	191,450	537,226	0.735749406	0.093688536	0.104071581	0.052345303	0.000370095	0.002253559	0.010192299	0.001329222	1,226,598	156,192	173,502	87,267	617	3,757	16,992	2,216
Georgia	2	2,112,343	2,3,	R+1	20306	68749	2.0	0.0	1.0	0.0	2.0	422,469	0.40239010720248375	1.4296008371969954E12	5200505.325126394	1974961.2901349615	0.48523338710592423	0.5147666128940758	333,580	353,883	0.485269427	0.422640629	0.058700775	0.018860893	0.000435216	0.002337659	0.010606768	0.001148632	744,825	648,698	90,098	28,949	668	3,588	16,280	1,763
Georgia	3	1,768,545	1,2,	R+7	84034	99339	1.0	0.0	0.0	1.0	1.0	589,515	0.30213907016037644	3.255000248208478E12	7459209.288132449	5568100.066764569	0.4295061943814343	0.5704938056185657	255,996	340,028	0.591793429	0.332669070	0.042849127	0.017955395	0.000806731	0.002329304	0.010549846	0.001047098	787,854	442,882	57,045	23,904	1,074	3,101	14,045	1,394
Georgia	4	1,804,970	1,2,	R+9	102738	97000	1.0	0.0	0.0	0.0	2.0	601,657	0.5902242016990985	5.849915227957026E12	5391179.245222699	7692001.429230402	0.41173711340206187	0.5882628865979381	239,631	342,369	0.582770398	0.346805240	0.047716461	0.010435243	0.000592212	0.002600843	0.008402894	0.000676708	786,261	467,902	64,378	14,079	799	3,509	11,337	913
Georgia	5	1,706,464	2,1,	D+0	4766	114526	1.0	0.0	1.0	0.0	1.0	568,821	0.3582476579972145	1.402375892499085E11	2217917.9244936565	0.0	0.5034672146296811	0.4965327853703189	345,958	341,193	0.530578998	0.271976395	0.117217843	0.060874047	0.000411841	0.001803422	0.014228685	0.002908769	696,976	357,272	153,979	79,965	541	2,369	18,691	3,821
Hawaii	1	185,079	2,1,	D+11	13134	9526	2.0	0.0	0.0	0.0	1.0	61,693	0.5173926822463366	4.925152472611093E12	0.0	1.4582882199808676E7	0.6148946594806467	0.38510534051935325	35,140	22,008	0.255120054	0.014824659	0.071533569	0.411339321	0.085845205	0.002198805	0.157848257	0.001290130	269,530	15,662	75,574	434,573	90,694	2,323	166,764	1,363
Idaho	1	1,567,582	1,2,	R+19	164762	98235	0.0	1.0	0.0	0.0	2.0	522,527	0.551642918019351	1.7149255072304904E13	0.0	2.635343769005981E7	0.30643705463182896	0.693562945368171	180,614	408,786	0.866508858	0.004969653	0.090281157	0.012484739	0.001330687	0.011053043	0.012558519	0.000813344	986,529	5,658	102,786	14,214	1,515	12,584	14,298	926
Illinois	1	3,032,756	2,3,	R+3	71222	123047	2.0	0.0	1.0	0.0	2.0	606,551	0.5136701929059404	4.3847290806381035E12	6396381.604858694	5280829.4704493275	0.4710600936746452	0.5289399063253548	579,606	650,823	0.812564016	0.051703464	0.096122493	0.028653286	0.000225319	0.001584700	0.008542797	0.000603925	1,850,023	117,717	218,849	65,237	513	3,608	19,450	1,375
Illinois	2	2,716,027	2,3,	R+4	88148	117877	2.0	0.0	1.0	0.0	2.0	543,205	0.5105410177833111	6.422201737086779E12	4080929.670486885	1.1322477437835418E7	0.4626104558041047	0.5373895441958954	545,303	633,449	0.831273158	0.082190474	0.046518944	0.027850916	0.000318860	0.001950171	0.009244097	0.000653379	1,751,914	173,217	98,039	58,696	672	4,110	19,482	1,377
Illinois	3	3,111,283	4,1,	D+21	26816	117514	3.0	1.0	0.0	0.0	1.0	622,257	0.22224999018488178	1.042209779683152E11	2427513.3603893104	0.0	0.7114088191393945	0.2885911808606056	835,995	339,131	0.419227803	0.269083735	0.240051746	0.059581614	0.000206794	0.001295795	0.009423101	0.001129414	975,118	625,885	558,357	138,586	481	3,014	21,918	2,627
Illinois	4	1,996,999	3,2,	D+10	158876	81149	3.0	0.0	0.0	1.0	1.0	399,400	0.3478363572673175	5.0039511250047784E11	2631908.6343590817	2159870.124849197	0.6021070480993066	0.39789295190069346	488,590	322,877	0.619793278	0.130213484	0.157767373	0.077804028	0.000300840	0.001348501	0.011212879	0.001559617	939,456	197,372	239,137	117,932	456	2,044	16,996	2,364
Illinois	5	1,973,567	2,1,	D+3	50326	132622	1.0	0.0	1.0	0.0	1.0	657,856	0.4628655818105003	7.32931076859828E11	3704539.149295952	1008297.1842626733	0.5316219466677725	0.46837805333222743	423,027	372,702	0.673717714	0.137600471	0.128786097	0.048092388	0.000189775	0.001131873	0.009540941	0.000940742	994,024	203,020	190,015	70,957	280	1,670	14,077	1,388
Indiana	1	1,620,971	1,2,	R+15	156836	87482	1.0	0.0	0.0	0.0	2.0	540,324	0.269154252904408	1.809487764124085E12	7849704.081035276	1788941.086374701	0.3506011770152433	0.6493988229847567	184,026	340,861	0.842628560	0.077115194	0.048286283	0.019209284	0.000283885	0.002466721	0.009279964	0.000730109	1,012,157	92,630	58,001	23,074	341	2,963	11,147	877
Indiana	2	1,620,749	1,2,	R+11	116164	90345	1.0	0.0	0.0	0.0	2.0	540,250	0.4418351423495666	1.5741685331509863E12	4659288.156132254	2709141.9724695645	0.39285174020683983	0.6071482597931602	212,950	329,112	0.839881508	0.100579202	0.033883272	0.013320903	0.000345891	0.002086049	0.009179276	0.000723899	1,019,832	122,129	41,143	16,175	420	2,533	11,146	879
Indiana	3	1,621,011	1,2,	R+10	101394	88403	1.0	0.0	0.0	0.0	2.0	540,337	0.3657869476842902	2.7202403428501436E12	3736908.098736711	7906870.810598634	0.4044207061289976	0.5955792938710024	214,510	315,903	0.900970712	0.048850042	0.025465041	0.013045770	0.000267124	0.002262133	0.008536745	0.000602433	1,123,160	60,897	31,745	16,263	333	2,820	10,642	751
Indiana	4	1,621,071	1,2,	R+2	25962	90747	1.0	0.0	1.0	0.0	1.0	540,357	0.5025930449057435	1.5597102073966748E12	4069265.4163130987	2900715.0421758182	0.47616039024963636	0.5238396097503637	259,256	285,216	0.776452351	0.108244619	0.086101895	0.017297844	0.000255471	0.002169029	0.008854123	0.000624667	942,183	131,349	104,480	20,990	310	2,632	10,744	758
Iowa	1	1,523,171	1,2,	R+4	47630	112691	1.0	0.0	1.0	0.0	1.0	507,724	0.6821326015322724	6.770441232166006E12	4252508.175010222	9220779.538288802	0.46477937935746844	0.5352206206425315	314,255	361,883	0.903248083	0.021284884	0.045594105	0.019063913	0.000432048	0.002758862	0.007134869	0.000483235	1,041,128	24,534	52,554	21,974	498	3,180	8,224	557
Iowa	2	1,523,184	2,1,	D+4	54750	115151	1.0	0.0	1.0	0.0	1.0	507,728	0.6316056729801016	5.025491084696755E12	4252508.175010222	7662437.483828533	0.5396213361354633	0.4603786638645367	372,826	318,077	0.915188387	0.027905668	0.030696235	0.015093767	0.000585908	0.002451718	0.007649396	0.000428922	1,066,847	32,530	35,783	17,595	683	2,858	8,917	500
Kansas	1	2,853,118	2,3,	R+13	165762	116802	1.0	0.0	1.0	0.0	3.0	570,624	1.1803500655825498	1.726877043624987E13	0.0	1.807877344765701E7	0.37095842091069037	0.6290415790893097	433,285	734,730	0.814691049	0.054628514	0.083690978	0.023472624	0.000653285	0.007993683	0.014114052	0.000755816	1,732,179	116,150	177,942	49,907	1,389	16,996	30,009	1,607
Kentucky	1	2,263,127	2,3,	R+12	154070	91642	1.0	1.0	0.0	0.0	3.0	452,625	0.6303429349655543	4.540880225712361E12	2635454.0688435254	9172077.019807281	0.3840617112452354	0.6159382887547645	351,953	564,444	0.915384846	0.041633178	0.023013871	0.009357288	0.000258096	0.001931391	0.007962298	0.000459030	1,585,366	72,105	39,858	16,206	447	3,345	13,790	795
Kentucky	2	2,076,240	1,2,	R+8	144214	144113	1.0	0.0	0.0	0.0	2.0	692,080	0.4506690091109166	3.8860602169764746E12	2635454.0688435254	1.0365425841878619E7	0.41660855234625727	0.5833914476537427	360,231	504,444	0.840201576	0.106596616	0.027138902	0.013026093	0.000620620	0.002287592	0.009519334	0.000609268	1,332,148	169,010	43,029	20,653	984	3,627	15,093	966
Louisiana	1	2,265,738	2,3,	R+9	169148	92445	1.0	1.0	0.0	0.0	3.0	453,148	0.24762187870389185	3.876641542470966E12	8618564.418665979	7210104.140012882	0.40851289851137323	0.5914871014886268	377,633	546,776	0.646462228	0.292518206	0.029791326	0.013609104	0.000353774	0.007446358	0.008734096	0.001084908	1,096,398	496,110	50,526	23,081	600	12,629	14,813	1,840
Louisiana	2	2,267,634	1,2,	R+6	112730	165729	1.0	0.0	0.0	1.0	1.0	755,878	0.34762422394101716	1.6201081950357817E12	4505081.3486994775	4196994.894657092	0.44331631416506345	0.5566836858349365	440,820	553,549	0.611426926	0.304457473	0.050928834	0.017772311	0.000321050	0.004259143	0.009272055	0.001562209	1,051,263	523,472	87,565	30,557	552	7,323	15,942	2,686
Maine	1	1,328,361	1,1,	D+5	289734	178375	1.0	0.0	0.0	0.0	1.0	664,180	0.6348582259758725	7.419277729879874E12	0.0	1.6157944322935505E7	0.5469624874736333	0.4530375125263667	390,255	323,240	0.955585731	0.008572556	0.009987398	0.009284248	0.000222048	0.005768494	0.010007326	0.000572200	1,007,023	9,034	10,525	9,784	234	6,079	10,546	603
Maryland	1	2,066,822	3,2,	D+3	60840	87856	2.0	0.0	1.0	0.0	2.0	413,364	0.20101649531277802	7.749761626063713E11	1743911.9379454206	6955297.27306461	0.5346241973835929	0.4653758026164071	469,685	408,848	0.645011096	0.160746960	0.092369800	0.083401724	0.000407812	0.001701431	0.014437820	0.001923357	1,020,156	254,239	146,093	131,909	645	2,691	22,835	3,042
Maryland	2	1,855,176	1,2,	R+1	10088	126915	1.0	0.0	1.0	0.0	1.0	618,392	0.6119688175976336	1.6756540019765562E12	1532008.7645988849	5778482.104688963	0.4933773703839891	0.5066226296160109	375,697	385,783	0.647717743	0.272704531	0.037790030	0.024119886	0.000436199	0.003134430	0.013102874	0.000994308	919,162	386,989	53,627	34,228	619	4,448	18,594	1,411
Maryland	3	1,851,554	2,1,	D+18	219184	119560	2.0	0.0	0.0	1.0	0.0	617,185	0.3202616401755571	1.591803059746042E11	2421099.4646031586	104104.32008164228	0.6805620608899298	0.31943793911007023	488,208	229,152	0.415654624	0.421556448	0.086335657	0.055919431	0.000473977	0.002523417	0.015793366	0.001743080	590,188	598,568	122,588	79,400	673	3,583	22,425	2,475
Massachusetts	1	1,929,015	2,1,	D+10	183082	147068	2.0	0.0	0.0	0.0	1.0	643,005	0.46852219957475616	1.314520215461096E12	1448290.065265995	5985975.229132206	0.603739800543971	0.396260199456029	532,740	349,660	0.829023421	0.034516449	0.077991518	0.037740458	0.000209551	0.001728459	0.011389140	0.007401006	1,242,246	51,721	116,866	56,552	314	2,590	17,066	11,090
Massachusetts	2	1,971,009	2,1,	D+10	170460	139228	2.0	0.0	0.0	0.0	1.0	657,003	0.7486377251074813	1.0876761079414901E12	1361748.325677278	3881484.9734063763	0.6020266711357978	0.3979733288642023	502,909	332,451	0.802683589	0.039830161	0.091626040	0.045754377	0.000230617	0.001523389	0.012066531	0.006285297	1,218,208	60,449	139,058	69,440	350	2,312	18,313	9,539
Massachusetts	3	1,128,666	3,0,	D+25	72998	142550	2.0	0.0	1.0	0.0	0.0	376,222	0.41718674649906307	5.475714808852263E10	1284281.098635001	0.0	0.7520133380724334	0.2479866619275666	321,597	106,051	0.606708620	0.136510391	0.125702349	0.098124931	0.000263160	0.001474565	0.018792009	0.012423975	557,925	125,534	115,595	90,235	242	1,356	17,281	11,425
Massachusetts	4	1,455,771	2,1,	D+12	159832	106557	2.0	0.0	0.0	0.0	1.0	485,257	-1.0	-1.0	-1.0	-1.0	0.6249972627765769	0.37500273722342314	399,582	239,752	0.781659056	0.061455635	0.079213003	0.052520116	0.000201987	0.001566929	0.013792826	0.009590447	893,935	70,283	90,591	60,064	231	1,792	15,774	10,968
Michigan	1	2,572,956	3,2,	D+11	228996	121274	3.0	0.0	0.0	1.0	1.0	514,591	0.3363244219923627	6.927288135932609E11	3296864.8210555417	2387559.393115127	0.6055860108121658	0.39441398918783416	734,399	478,309	0.650291153	0.275303814	0.037593034	0.018897553	0.000178419	0.003229032	0.013713619	0.000793375	1,264,722	535,426	73,113	36,753	347	6,280	26,671	1,543
Michigan	2	2,569,043	3,2,	D+5	118206	128876	2.0	1.0	0.0	0.0	2.0	513,809	0.49247993868373113	7.670049937231925E11	4423945.373783122	0.0	0.5458602264844321	0.4541397735155679	703,473	585,269	0.781204666	0.120612016	0.030425484	0.050199058	0.000235617	0.002848177	0.013539102	0.000935880	1,541,741	238,033	60,046	99,070	465	5,621	26,720	1,847
Michigan	3	2,413,020	2,3,	R+8	171094	112917	2.0	0.0	0.0	1.0	2.0	482,604	0.8336110618155936	3.463058645801801E12	4647992.734267612	3436348.3888723045	0.42423839863116336	0.5757616013688367	479,022	650,112	0.850327944	0.067512195	0.050283634	0.014842212	0.000254066	0.004500446	0.011596666	0.000682838	1,542,909	122,500	91,239	26,931	461	8,166	21,042	1,239
Michigan	4	2,328,621	1,2,	R+2	37786	192874	1.0	0.0	1.0	0.0	1.0	776,207	0.5495524714401383	1.5523567031212918E13	5121020.381608342	1.8292852690233722E7	0.4836741430502124	0.5163258569497876	559,729	597,515	0.891867822	0.056650654	0.022202518	0.006917081	0.000232470	0.011072200	0.010673681	0.000383575	1,611,326	102,350	40,113	12,497	420	20,004	19,284	693
Minnesota	1	2,657,447	3,2,	D+2	60530	140023	2.0	0.0	1.0	0.0	2.0	531,489	0.3999700175843895	1.3144187578241588E13	4652576.224932092	2.0892043483988393E7	0.521614026317199	0.478385973682801	730,377	669,848	0.859292247	0.046486228	0.028156991	0.038546924	0.000289503	0.014142582	0.012397647	0.000687878	1,736,377	93,935	56,897	77,892	585	28,578	25,052	1,390
Minnesota	2	2,646,478	3,2,	D+1	37768	138688	2.0	0.0	1.0	0.0	2.0	529,296	0.6603254642767195	5.136864138275547E12	4652576.224932091	6979547.840135124	0.51361504649392	0.48638495350607996	712,306	674,542	0.863497896	0.040393546	0.045988907	0.034075380	0.000383162	0.004717991	0.010006723	0.000936395	1,726,267	80,753	91,939	68,122	766	9,432	20,005	1,872
Mississippi	1	2,967,297	2,3,	R+10	205844	105438	1.0	1.0	0.0	0.0	3.0	593,459	0.4622187485339325	5.731562658917964E12	3331705.716806926	1.2201676085279211E7	0.397614860930117	0.602385139069883	419,230	635,132	0.609585566	0.345542111	0.024856878	0.008789000	0.000330961	0.004268129	0.006205516	0.000421839	1,348,246	764,250	54,977	19,439	732	9,440	13,725	933
Missouri	1	2,096,068	2,3,	R+2	33096	91775	2.0	0.0	1.0	0.0	2.0	419,214	0.4638573929363746	6.28476124630272E12	6257973.856593737	9053894.351917379	0.48197086440255027	0.5180291355974498	442,309	475,400	0.816866960	0.132173267	0.023879315	0.012203885	0.000831334	0.003096593	0.010331482	0.000617164	1,289,168	208,594	37,686	19,260	1,312	4,887	16,305	974
Missouri	2	1,925,006	1,2,	R+7	102840	131228	1.0	0.0	0.0	1.0	1.0	641,669	0.6054450600069679	4.546007623321959E12	5973898.279274555	4986341.318188447	0.4346946421880854	0.5653053578119146	342,259	445,096	0.832498783	0.089004800	0.043308886	0.011847165	0.001523606	0.006545233	0.014687729	0.000583799	1,220,658	130,504	63,502	17,371	2,234	9,597	21,536	856
Missouri	3	1,967,853	1,2,	R+2	28456	154453	1.0	0.0	1.0	0.0	1.0	655,951	0.4458615756015326	3.8215987051683315E12	4778490.834002384	7466451.377487469	0.4846478402089111	0.515352159791089	449,128	477,582	0.842282036	0.099083833	0.020160008	0.024824117	0.000244890	0.002575957	0.010235365	0.000593793	1,279,466	150,513	30,624	37,709	372	3,913	15,548	902
Montana	1	989,415	1,1,	R+11	127392	109876	0.0	1.0	0.0	0.0	1.0	494,708	0.8568842825488256	3.1006708533381477E13	0.0	2.8432196609702956E7	0.3949270086279078	0.6050729913720921	173,572	265,932	0.899897108	0.003417109	0.022745909	0.006317147	0.000605861	0.050857085	0.015680575	0.000479205	689,188	2,617	17,420	4,838	464	38,949	12,009	367
Nebraska	1	1,826,341	1,3,	R+17	60724	92471	1.0	0.0	0.0	1.0	2.0	456,585	0.9378405907719913	1.6213575873774137E13	0.0	1.9652534165798683E7	0.33395785683001605	0.6660421431699839	247,050	492,714	0.853587103	0.040216660	0.071845193	0.017128709	0.000501785	0.007049125	0.008906314	0.000765112	1,166,956	54,981	98,221	23,417	686	9,637	12,176	1,046
Nevada	1	2,700,551	2,3,	R+1	19934	81067	2.0	0.0	1.0	0.0	2.0	540,110	1.1388032671912331	2.344911768075124E13	0.0	2.1447791025012612E7	0.4877072133307346	0.5122927866692655	395,354	415,284	0.589178416	0.074923497	0.223298648	0.075936495	0.005542993	0.008772598	0.020844561	0.001502793	1,199,298	152,510	454,534	154,572	11,283	17,857	42,430	3,059
New Hampshire	1	1,316,470	1,1,	D+1	326442	167859	1.0	0.0	0.0	0.0	1.0	658,235	0.5664116825174693	1.9442869244246414E12	0.0	8757048.302476518	0.5069068693376704	0.4930931306623297	340,354	331,079	0.935578429	0.009167965	0.022282547	0.020230540	0.000256501	0.002063667	0.009218488	0.001201862	962,931	9,436	22,934	20,822	264	2,124	9,488	1,237
New Jersey	1	2,645,793	3,2,	D+4	90402	105775	2.0	1.0	0.0	0.0	2.0	529,159	0.5587406936782585	3.147662671810978E11	1854707.4409502314	1074640.1056066041	0.5427326710956608	0.4572673289043392	574,063	483,664	0.588681976	0.153762923	0.168015495	0.075311603	0.000197047	0.001219386	0.010369792	0.002441780	1,174,095	306,672	335,098	150,205	393	2,432	20,682	4,870
New Jersey	2	2,096,920	3,2,	D+5	89326	89488	2.0	1.0	0.0	0.0	2.0	419,384	0.3399034053927682	3.2623106719885034E11	2989591.6964520635	644384.9953027036	0.5499094282863116	0.4500905717136883	492,098	402,773	0.674020135	0.133259434	0.103556002	0.074021269	0.000292704	0.001290414	0.011730174	0.001829869	1,070,774	211,701	164,513	117,593	465	2,050	18,635	2,907
New Jersey	3	2,154,105	1,2,	R+3	46568	152936	1.0	0.0	1.0	0.0	1.0	718,035	0.41166413032192767	8.253459088131559E11	2137135.029484179	3843014.0054383515	0.4746259580584801	0.5253740419415199	435,522	482,089	0.748909433	0.084682150	0.105749117	0.047399324	0.000203232	0.001607215	0.009808042	0.001641488	1,245,530	140,837	175,874	78,831	338	2,673	16,312	2,730
New Jersey	4	1,895,076	2,1,	D+8	108334	117488	1.0	1.0	0.0	0.0	1.0	631,692	0.3260603977219906	4.568143296088912E10	861258.784934232	620804.3187205452	0.5768397608222268	0.42316023917777323	406,623	298,292	0.445241714	0.117223584	0.282787223	0.134865955	0.000247894	0.001100326	0.012919546	0.005613758	659,167	173,546	418,658	199,665	367	1,629	19,127	8,311
New Mexico	1	2,059,179	2,2,	R+0	180622	93304	2.0	0.0	0.0	0.0	2.0	514,795	1.2298592117267204	2.556113859498655E13	0.0	2.1547955351523157E7	0.4959908684241199	0.5040091315758801	370,218	376,203	0.452998915	0.017820756	0.422799767	0.013603314	0.000640698	0.079170039	0.011257333	0.001709178	697,848	27,453	651,326	20,956	987	121,962	17,342	2,633
New York	1	3,503,996	4,1,	D+22	34392	102634	3.0	1.0	0.0	0.0	1.0	700,799	0.4306728796556012	5.65777035090798E10	667259.8243844375	823459.0851432572	0.7167526707382189	0.2832473292617811	735,609	290,699	0.485527991	0.201755446	0.162717540	0.129246292	0.000283744	0.001463958	0.015065192	0.003939838	1,341,542	557,462	449,598	357,115	784	4,045	41,626	10,886
New York	2	2,250,908	3,2,	D+1	13190	90440	2.0	0.0	1.0	0.0	2.0	450,182	0.3971922409429142	4.952337844141472E12	7468501.080456792	6731694.426487242	0.5072906542293756	0.4927093457706244	458,782	445,595	0.842936797	0.053615912	0.057418710	0.029456557	0.000323655	0.004018568	0.010189124	0.002040679	1,476,714	93,928	100,590	51,604	567	7,040	17,850	3,575
New York	3	2,322,733	3,2,	D+4	65712	93118	2.0	0.0	1.0	0.0	2.0	464,547	0.3918040673475223	4.7290292225894476E11	1945138.4575018755	2599205.548676613	0.5352836751854958	0.46471632481450414	498,431	432,722	0.676834361	0.092421473	0.170951306	0.046359304	0.000196965	0.001573467	0.009360889	0.002302236	1,202,713	164,230	303,775	82,379	350	2,796	16,634	4,091
New York	4	3,293,506	4,1,	D+23	64944	109217	3.0	1.0	0.0	0.0	1.0	658,701	0.27698750836835445	8.952950420332518E10	1538676.0308737566	635611.3898392946	0.7297305216239206	0.2702694783760794	796,973	295,174	0.371050046	0.208453561	0.341684877	0.060538867	0.000286602	0.001614814	0.012338960	0.004032272	934,740	525,131	860,764	152,508	722	4,068	31,084	10,158
New York	5	2,289,505	3,2,	D+1	14876	94344	2.0	0.0	1.0	0.0	2.0	457,901	0.29461785410856683	2.9927819766179346E12	9144263.598336143	2872042.940049309	0.5078834259911917	0.49211657400880826	479,155	464,280	0.829435282	0.063382424	0.053398659	0.037468090	0.000252380	0.003342221	0.011473530	0.001247414	1,488,765	113,766	95,846	67,252	453	5,999	20,594	2,239
New York	6	1,862,143	3,2,	D+3	53134	78432	2.0	0.0	1.0	0.0	2.0	372,429	0.5953951564725932	1.8602166349967056E12	2991806.669625664	4365469.040644048	0.5338726540187678	0.4661273459812322	418,727	365,593	0.809267227	0.081908123	0.055145153	0.037391378	0.000173438	0.005958600	0.009059923	0.001096157	1,180,504	119,482	80,442	54,544	253	8,692	13,216	1,599
New York	7	1,744,561	2,1,	D+3	44832	115081	1.0	0.0	1.0	0.0	1.0	581,520	0.30443464805664744	9.005501508424064E11	4197948.973948106	2531986.5986904325	0.5324631124036172	0.4675368875963828	367,653	322,823	0.739554779	0.077745731	0.123160707	0.043509311	0.000247237	0.001772364	0.012167505	0.001842365	993,103	104,400	165,385	58,426	332	2,380	16,339	2,474
New York	8	2,110,750	2,1,	D+20	165220	100144	2.0	0.0	0.0	1.0	0.0	703,583	0.20711976595631687	2.0449078092507298E10	1113861.069987262	0.0	0.6958479789103691	0.3041520210896309	418,110	182,754	0.291814205	0.253428649	0.235777540	0.180013114	0.000450286	0.002504833	0.022850368	0.013161005	480,215	417,047	388,000	296,233	741	4,122	37,603	21,658
North Carolina	1	2,031,976	2,3,	R+3	40624	75664	2.0	0.0	1.0	0.0	2.0	406,395	0.6240150875984578	3.751049645512886E12	4503561.541030007	5583625.985018077	0.4731556840800294	0.5268443159199706	358,000	398,622	0.619529689	0.283470559	0.060339953	0.020896912	0.000362751	0.004751264	0.009741995	0.000906878	959,820	439,173	93,483	32,375	562	7,361	15,093	1,405
North Carolina	2	1,902,853	2,3,	R+8	95494	60157	2.0	0.0	0.0	1.0	2.0	380,571	0.5596670918094514	2.717764618314467E12	5374849.490138994	3249143.851651538	0.4206293531924797	0.5793706468075204	253,038	348,532	0.635122135	0.225346411	0.075954641	0.011418644	0.001147947	0.037185923	0.012812679	0.001011619	908,466	322,331	108,644	16,333	1,642	53,190	18,327	1,447
North Carolina	3	1,955,318	1,2,	R+9	139738	124623	1.0	0.0	0.0	0.0	2.0	651,773	0.4475694027738662	2.1842349844950215E12	2463874.552730073	7156340.196195623	0.40655989835835366	0.5934401016416463	303,995	443,730	0.805455150	0.107399540	0.054109863	0.016374125	0.000444267	0.006426754	0.009052266	0.000738035	1,225,587	163,420	82,334	24,915	676	9,779	13,774	1,123
North Carolina	4	1,777,220	1,2,	R+3	43440	110611	1.0	0.0	1.0	0.0	1.0	592,407	0.3128331425093021	1.3628876137022524E12	6475331.762226691	1231683.6852914183	0.4672726943974831	0.5327273056025169	310,113	353,553	0.689496592	0.182831177	0.077171452	0.035641512	0.000318456	0.003494001	0.009679103	0.001367708	918,013	243,426	102,748	47,454	424	4,652	12,887	1,821
North Carolina	5	1,868,116	1,2,	R+8	116014	119124	1.0	0.0	0.0	0.0	2.0	622,705	0.3201422581851793	1.309545297925038E12	5396556.175732346	2364031.274689804	0.4188426297078242	0.5811573702921757	299,364	415,377	0.670182801	0.219833334	0.073968292	0.022136799	0.000342677	0.003034838	0.009536556	0.000964703	952,439	312,419	105,121	31,460	487	4,313	13,553	1,371
North Dakota	1	672,591	0,1,	R+14	85580	153572	0.0	0.0	0.0	0.0	1.0	672,591	0.9168873183201779	1.4782657636465193E13	0.0	1.8978502659942824E7	0.36068423931445837	0.6393157606855416	110,782	196,362	0.910020661	0.009865702	0.015426997	0.010642409	0.000418962	0.043591215	0.009657178	0.000376875	475,686	5,157	8,064	5,563	219	22,786	5,048	197
Ohio	1	2,384,239	2,3,	R+8	187932	115523	2.0	0.0	0.0	0.0	3.0	476,848	0.4875299303077245	1.1586821491830408E12	3452216.3404890755	2683649.1711025	0.4186602332377668	0.5813397667622332	483,643	671,573	0.810424853	0.135991174	0.019877898	0.019668104	0.000405197	0.001891473	0.010884962	0.000856338	1,464,056	245,672	35,910	35,531	732	3,417	19,664	1,547
Ohio	2	2,284,724	3,2,	D+3	58764	115567	2.0	0.0	1.0	0.0	2.0	456,945	0.5151066157212201	1.1706401806546985E12	4410923.0504964115	1244129.3747889048	0.5254236554822542	0.4745763445177458	607,209	548,447	0.883352487	0.076904480	0.014917470	0.013456142	0.000175359	0.001624771	0.008966599	0.000602692	1,556,551	135,513	26,286	23,711	309	2,863	15,800	1,062
Ohio	3	2,321,380	3,2,	D+13	160936	114909	3.0	0.0	1.0	0.0	1.0	464,276	0.34765345417774257	1.4380863050260745E12	4520533.755389602	3585708.5868787374	0.629971681150995	0.370028318849005	723,874	425,184	0.729902471	0.194574075	0.045729151	0.015909079	0.000170849	0.001895018	0.010986401	0.000832957	1,303,027	347,355	81,636	28,401	305	3,383	19,613	1,487
Ohio	4	2,264,199	1,2,	R+11	224018	172901	1.0	0.0	0.0	0.0	2.0	754,733	0.30432593456300583	2.9142892112974873E12	9019779.761639468	2600130.1910016327	0.3920299054465815	0.6079700945534184	406,693	630,710	0.898428487	0.047031202	0.025067847	0.017030487	0.000301020	0.001949019	0.009565301	0.000626638	1,534,090	80,307	42,804	29,080	514	3,328	16,333	1,070
Ohio	5	2,281,962	1,2,	R+2	37128	169482	1.0	0.0	1.0	0.0	1.0	760,654	0.26796390487118005	2.7616346559091597E12	8037527.778411741	4456896.313639885	0.48174477596822457	0.5182552240317754	489,880	527,007	0.844246949	0.105577518	0.018509559	0.016501414	0.000303257	0.002125091	0.011864279	0.000871935	1,472,701	184,169	32,288	28,785	529	3,707	20,696	1,521
Oklahoma	1	1,910,941	1,3,	R+18	80784	90961	1.0	0.0	0.0	0.0	3.0	477,735	0.44407604463447775	8.18801823828773E12	5263320.905755303	1.327795568572675E7	0.31949269467134267	0.6805073053286573	232,491	495,197	0.728504215	0.084244291	0.088238438	0.023453986	0.001350819	0.043261595	0.030185172	0.000761484	1,049,489	121,363	127,117	33,788	1,946	62,323	43,485	1,097
Oklahoma	2	1,840,410	1,2,	R+13	193098	122315	1.0	0.0	0.0	0.0	2.0	613,470	0.4465160806113245	6.517197794036346E12	5263320.905755302	1.1039653307036897E7	0.36844228062358375	0.6315577193764162	270,395	463,492	0.728427886	0.053713877	0.052379411	0.010963907	0.000546675	0.105396006	0.048069007	0.000503230	1,006,015	74,183	72,340	15,142	755	145,560	66,387	695
Oregon	1	2,189,591	2,3,	R+3	63602	103637	2.0	0.0	1.0	0.0	2.0	437,918	0.99570273233356	1.941545838987881E13	2120376.4819340236	1.804428239614776E7	0.4693157793673355	0.5306842206326645	486,374	549,973	0.825779095	0.008447270	0.087285894	0.021760717	0.002606733	0.013253606	0.019728814	0.021137871	1,437,896	14,709	151,987	37,891	4,539	23,078	34,353	36,807
Oregon	2	1,641,483	2,1,	D+9	139948	128804	2.0	0.0	0.0	0.0	1.0	547,161	0.6929518318417283	1.0845866084815901E12	2120376.481934024	3086054.4458411746	0.5905428976625743	0.4094571023374257	456,381	316,435	0.768540048	0.024901540	0.090964090	0.061135472	0.003301450	0.006785215	0.021671847	0.022700337	994,939	32,237	117,761	79,145	4,274	8,784	28,056	29,387
Pennsylvania	1	3,002,899	3,2,	D+5	137974	138084	2.0	1.0	0.0	0.0	2.0	600,580	0.4352537446333912	5.546239524260206E11	3126250.3946917327	1167124.3332104178	0.5499599150358085	0.4500400849641915	759,394	621,423	0.775741590	0.130600914	0.045716575	0.036243378	0.000231893	0.001274106	0.009280969	0.000910574	1,779,673	299,619	104,881	83,148	532	2,923	21,292	2,089
Pennsylvania	2	2,790,552	2,3,	R+2	42486	125012	2.0	0.0	1.0	0.0	2.0	558,110	0.37653148724294033	2.811781701258391E12	8417183.52902337	1693260.6035101637	0.4830080642000235	0.5169919357999765	603,805	646,288	0.911331537	0.054169359	0.011883120	0.013634113	0.000174785	0.001061739	0.007164379	0.000580968	2,028,254	120,559	26,447	30,344	389	2,363	15,945	1,293
Pennsylvania	3	2,650,372	2,3,	R+2	45270	104212	2.0	0.0	1.0	0.0	2.0	530,074	0.6061510851878875	2.614516280996141E12	4311851.142939095	4067189.5049213637	0.4782802281897871	0.5217197718102129	498,423	543,692	0.881720322	0.039691328	0.055522320	0.013398699	0.000195101	0.001324482	0.007364467	0.000783281	1,839,355	82,800	115,825	27,951	407	2,763	15,363	1,634
Pennsylvania	4	2,163,346	4,1,	D+17	143084	197520	3.0	0.0	1.0	0.0	1.0	432,669	0.43130094630829025	9.168682032961055E10	957898.1359083445	902051.8047593866	0.6724390026569892	0.3275609973430108	664,090	323,494	0.618946143	0.225813056	0.082608758	0.056687816	0.000273570	0.001716788	0.012044218	0.001909652	1,043,001	380,523	139,206	95,526	461	2,893	20,296	3,218
Pennsylvania	5	2,095,210	1,2,	R+11	181184	143247	1.0	0.0	0.0	0.0	2.0	698,403	0.4977969086288216	1.0991727932022765E12	4459257.267676702	1077774.6303213674	0.3945969153154495	0.6054030846845505	339,145	520,327	0.877561910	0.049630971	0.045120861	0.017110998	0.000197622	0.001371622	0.008296428	0.000709587	1,420,993	80,365	73,062	27,707	320	2,221	13,434	1,149
Rhode Island	1	1,052,567	1,1,	D+11	123582	107145	1.0	0.0	0.0	1.0	0.0	526,284	0.7371451916808172	3.3906130123541895E11	0.0	3205577.3611788675	0.6058234576283842	0.3941765423716158	259,642	168,935	0.784948472	0.044217146	0.100627414	0.027910551	0.000285080	0.003483919	0.015462044	0.023065374	660,823	37,225	84,715	23,497	240	2,933	13,017	19,418
South Carolina	1	1,541,823	1,2,	R+5	51424	84854	1.0	0.0	0.0	1.0	1.0	513,941	0.34817687887526616	2.710804287689753E12	4716861.798300114	6899271.4624109	0.4494975683723415	0.5505024316276584	228,850	280,274	0.646715685	0.277694813	0.048260899	0.012025793	0.000551203	0.004684807	0.009020603	0.001046195	770,845	330,995	57,524	14,334	657	5,584	10,752	1,247
South Carolina	2	1,540,947	1,2,	R+15	153962	84893	1.0	0.0	0.0	0.0	2.0	513,649	0.451426529087886	1.752413994907298E12	3511539.8803161466	4630494.008908668	0.3488657000657707	0.6511342999342292	177,693	331,652	0.744185888	0.188691876	0.043684842	0.012810754	0.000272696	0.002254625	0.007463029	0.000636290	876,008	222,116	51,423	15,080	321	2,654	8,785	749
South Carolina	3	1,542,594	1,2,	R+5	54724	85597	1.0	0.0	0.0	1.0	1.0	514,198	0.2853852382404762	2.267517599790615E12	8228401.678616262	2351835.23273146	0.4467247828432012	0.5532752171567988	229,424	284,145	0.611417092	0.322993564	0.038466053	0.012996931	0.000496676	0.003720820	0.009203821	0.000705042	718,914	379,781	45,229	15,282	584	4,375	10,822	829
South Dakota	1	814,180	1,1,	R+11	93376	82574	0.0	1.0	0.0	0.0	1.0	407,090	0.9949631916323538	1.6216156133362172E13	0.0	1.908157066470927E7	0.39135199941870324	0.6086480005812968	129,262	201,034	0.878449352	0.010430450	0.021127509	0.009031982	0.000387646	0.069225019	0.010952218	0.000395824	537,069	6,377	12,917	5,522	237	42,323	6,696	242
Tennessee	1	1,697,122	1,2,	R+7	82728	103776	1.0	0.0	0.0	1.0	1.0	565,707	0.3511081422187468	1.0175392981563994E12	5146097.795312039	1184884.3107876678	0.43356920764219914	0.5664307923578009	269,961	352,687	0.748129346	0.154638941	0.058503602	0.022777785	0.000735096	0.002843207	0.011422983	0.000949042	954,631	197,323	74,652	29,065	938	3,628	14,576	1,211
Tennessee	2	1,331,234	1,2,	R+15	153790	82738	1.0	0.0	0.0	0.0	2.0	443,745	0.30452739262993406	1.432971737791456E12	3661557.7511603856	5370883.848700221	0.34510341882407924	0.6548965811759208	171,319	325,109	0.914297154	0.039076613	0.025008956	0.009540950	0.000340030	0.002493233	0.008728710	0.000514355	954,550	40,797	26,110	9,961	355	2,603	9,113	537
Tennessee	3	1,937,398	2,1,	D+1	7924	125512	1.0	0.0	1.0	0.0	1.0	645,799	0.28540679554864706	3.7616554193808623E12	6253931.972299379	8820781.398276249	0.505259845112766	0.494740154887234	380,493	372,571	0.636556347	0.304489363	0.034530281	0.013171217	0.000283880	0.002473813	0.007952770	0.000542328	926,087	442,983	50,236	19,162	413	3,599	11,570	789
Tennessee	4	1,380,351	1,2,	R+11	116902	87882	1.0	0.0	0.0	0.0	2.0	460,117	0.33608433782598807	2.619820629849497E12	7115066.99160384	3709639.1301658857	0.3891487069782967	0.6108512930217034	205,195	322,097	0.885691699	0.064684737	0.028838883	0.008463424	0.000289244	0.002952898	0.008637342	0.000441772	952,309	69,550	31,008	9,100	311	3,175	9,287	475
Texas	1	2,498,955	2,3,	R+4	67164	75546	2.0	0.0	0.0	1.0	2.0	499,791	0.3587294462522495	1.2554927818855525E12	6631755.840561773	0.0	0.4555481425001059	0.5444518574998941	344,132	411,292	0.495812360	0.066852083	0.389686662	0.031023372	0.000854413	0.002828273	0.011528432	0.001414404	927,893	125,111	729,283	58,059	1,599	5,293	21,575	2,647
Texas	2	2,121,400	2,3,	R+9	98194	55924	1.0	1.0	0.0	0.0	3.0	424,280	0.32288223276958933	2.232360783800531E11	2947576.26273434	0.0	0.4122072292776087	0.5877927707223913	230,517	328,709	0.421091417	0.164684622	0.346956728	0.053391521	0.000677510	0.002285062	0.009209354	0.001703785	651,983	254,984	537,199	82,667	1,049	3,538	14,259	2,638
Texas	3	2,144,364	2,3,	R+9	113722	60085	1.0	1.0	0.0	0.0	3.0	428,873	0.3617459417041162	2.5615565675325137E12	8585907.139210096	1129608.8789620346	0.40536456114188324	0.5946354388581168	243,556	357,276	0.423733114	0.195125531	0.261309512	0.104853596	0.000392019	0.002209916	0.010732573	0.001643739	649,621	299,145	400,611	160,750	601	3,388	16,454	2,520
Texas	4	2,612,881	1,4,	R+19	150382	169388	1.0	0.0	1.0	0.0	3.0	522,576	0.24499168708944513	1.861068881585349E13	2.2729309706508018E7	1.0889700585268982E7	0.31122068255452595	0.688779317445474	263,584	583,352	0.615852794	0.052109475	0.296863666	0.019572644	0.000700865	0.004648640	0.009307701	0.000944214	1,181,856	100,001	569,698	37,561	1,345	8,921	17,862	1,812
Texas	5	2,441,837	2,3,	R+14	86748	76666	1.0	0.0	1.0	0.0	3.0	488,367	0.3229160765407053	4.1681216772146934E12	1.2735919129529377E7	0.0	0.35657499135856413	0.6434250086414358	273,370	493,285	0.550971774	0.197322055	0.213928543	0.023012920	0.000749581	0.003697668	0.009440879	0.000876581	976,133	349,587	379,008	40,771	1,328	6,551	16,726	1,553
Texas	6	2,651,573	1,4,	R+19	157064	174380	1.0	0.0	1.0	0.0	3.0	530,315	0.3250749589739703	3.9905548747007905E12	6245398.652152106	8233115.295654494	0.30993058773334314	0.6900694122666569	270,226	601,666	0.694871108	0.109188726	0.130042855	0.047445070	0.000468586	0.005330808	0.011707917	0.000944929	1,343,518	211,114	251,435	91,734	906	10,307	22,637	1,827
Texas	7	1,923,461	1,4,	R+17	69362	103345	1.0	0.0	1.0	0.0	3.0	384,692	0.293620352555767	1.240984926065374E13	1.0196118601093635E7	1.7133143337854534E7	0.33288498644315123	0.6671150135568488	172,006	344,707	0.398616380	0.042053057	0.533678213	0.013693562	0.000672623	0.003796084	0.006614006	0.000876075	550,553	58,082	737,095	18,913	929	5,243	9,135	1,210
Texas	8	2,160,818	2,3,	R+8	101822	64478	2.0	0.0	0.0	1.0	2.0	432,164	0.42666966030481185	1.4015904779186262E12	4388701.110263972	2714995.913456931	0.42104144856732967	0.5789585514326703	271,477	373,298	0.487993110	0.155262421	0.308127864	0.035854603	0.000370384	0.002971999	0.008231966	0.001187652	765,486	243,551	483,342	56,243	581	4,662	12,913	1,863
Texas	9	2,483,680	2,3,	R+3	34346	53994	2.0	0.0	1.0	0.0	2.0	496,736	0.5140568903461782	6.854259350504689E12	6201154.782546498	8990901.482407149	0.4681950101031428	0.5318049898968572	252,793	287,138	0.213374261	0.016457978	0.754939591	0.009526761	0.000246665	0.001577833	0.003175001	0.000701910	364,181	28,090	1,288,509	16,260	421	2,693	5,419	1,198
Texas	10	2,132,534	1,2,	R+5	57888	103758	1.0	0.0	0.0	1.0	1.0	710,845	0.2956939403313565	1.423699490642817E11	2459760.84785595	0.0	0.4535080589457993	0.5464919410542007	282,326	340,212	0.439795036	0.164289527	0.315943010	0.063331922	0.000993975	0.003381164	0.010857554	0.001407813	692,894	258,837	497,766	99,779	1,566	5,327	17,106	2,218
Texas	11	1,974,058	1,2,	R+14	177264	104428	1.0	0.0	0.0	0.0	2.0	658,019	0.11108598762076939	4.92488526053879E12	2.1024331245894987E7	3438670.209860388	0.35854335477837024	0.6414566452216297	224,650	401,913	0.659973317	0.100488639	0.183051433	0.036876434	0.001759129	0.004034369	0.012647778	0.001168900	970,566	147,780	269,198	54,231	2,587	5,933	18,600	1,719
Utah	1	1,381,955	0,3,	R+28	102202	155522	0.0	0.0	1.0	0.0	2.0	460,652	1.0027577300512354	1.4935506618942516E13	3710497.537572756	1.3293963766035363E7	0.2238085235894754	0.7761914764105246	104,421	362,143	0.872264860	0.004374080	0.077938832	0.015868505	0.005015340	0.012962461	0.010568995	0.001006928	813,421	4,079	72,681	14,798	4,677	12,088	9,856	939
Utah	2	1,381,930	1,2,	R+19	125950	72704	0.0	1.0	0.0	0.0	2.0	460,643	0.7172697216668055	2.8227418199555376E12	3710497.5375727564	4429110.368093172	0.3110331167729601	0.6889668832270399	135,677	300,537	0.781143558	0.012837401	0.147672805	0.028074005	0.010456942	0.006612386	0.011800246	0.001402659	750,147	12,328	141,813	26,960	10,042	6,350	11,332	1,347
Vermont	1	625,741	1,0,	D+10	62891	152622	1.0	0.0	0.0	0.0	0.0	625,741	0.6507697661285501	2.0182099807124412E12	0.0	8323637.524276005	0.6030179234249434	0.3969820765750566	184,067	121,176	0.951765128	0.007734014	0.012745011	0.011834653	0.000235646	0.003260773	0.011725894	0.000698881	472,559	3,840	6,328	5,876	117	1,619	5,822	347
Virginia	1	2,666,529	2,3,	R+7	136256	94795	2.0	0.0	0.0	1.0	2.0	533,306	0.29966083128077153	5.525125388893094E12	5508403.085079171	1.2950962217720581E7	0.42813122404888093	0.5718687759511191	405,841	542,095	0.757815584	0.182859526	0.030510675	0.016117092	0.000292788	0.002209433	0.009427578	0.000767322	1,596,966	385,345	64,296	33,964	617	4,656	19,867	1,617
Virginia	2	2,667,285	3,2,	D+1	15694	94006	2.0	0.0	1.0	0.0	2.0	533,457	0.5097803955174551	1.1329913963021536E12	2642083.2136758314	3523591.8250050647	0.5083459835984482	0.4916540164015519	477,862	462,171	0.624740018	0.104250746	0.133283166	0.114721210	0.000716180	0.001964892	0.018473367	0.001850422	1,255,272	209,468	267,802	230,506	1,439	3,948	37,118	3,718
Virginia	3	2,667,210	2,3,	R+6	107700	93177	2.0	0.0	0.0	1.0	2.0	533,442	0.35908297114252136	2.2405884037100107E12	5540292.190889799	4419610.506060982	0.4422067245361427	0.5577932754638574	412,027	519,725	0.630874436	0.266011342	0.046662117	0.034307556	0.000936601	0.003727198	0.016250662	0.001230089	1,281,147	540,202	94,759	69,670	1,902	7,569	33,001	2,498
Washington	1	2,255,108	2,3,	R+3	56298	81595	2.0	0.0	1.0	0.0	2.0	451,022	0.28961188595262877	5.202622610146769E12	1.0515984767978417E7	6011716.900187519	0.4655017948601676	0.5344982051398324	379,822	436,119	0.762574168	0.030734854	0.121622611	0.039427328	0.006246121	0.013061218	0.025067911	0.001265789	1,270,566	51,209	202,642	65,692	10,407	21,762	41,767	2,109
Washington	2	2,298,475	3,2,	D+15	110598	102007	3.0	0.0	1.0	0.0	1.0	459,695	0.27678361377412286	3.205405496109129E11	3814839.1677642968	0.0	0.6457892389210491	0.35421076107895083	658,747	361,318	0.695487094	0.052351596	0.071207507	0.136693744	0.006541045	0.007005695	0.028819874	0.001893446	1,257,312	94,642	128,730	247,117	11,825	12,665	52,101	3,423
Washington	3	2,170,957	1,2,	R+1	25478	142794	1.0	0.0	1.0	0.0	1.0	723,652	0.28674668770823497	9.473404687164367E12	1.1500229666205693E7	1.1833724882227523E7	0.4851322549996849	0.5148677450003152	415,639	441,115	0.831782806	0.013375133	0.074875226	0.036642330	0.002641957	0.018060564	0.021378886	0.001243098	1,388,426	22,326	124,983	61,164	4,410	30,147	35,686	2,075
West Virginia	1	1,852,994	1,2,	R+6	23848	34185	1.0	0.0	0.0	1.0	1.0	617,665	0.3385566589623201	5.054526206101846E12	0.0	1.826283581578798E7	0.4418653405489737	0.5581346594510262	90,631	114,479	0.939426546	0.032832142	0.010073855	0.006703849	0.000208109	0.001980109	0.008387828	0.000387561	1,376,801	48,118	14,764	9,825	305	2,902	12,293	568
Wisconsin	1	3,056,820	2,3,	R+1	23772	150765	2.0	0.0	1.0	0.0	2.0	611,364	0.5303452167733717	8.979000287200846E12	4931565.949610568	1.287273042340849E7	0.4921173666008233	0.5078826333991767	741,925	765,693	0.920136642	0.014214311	0.028246681	0.018062266	0.000278012	0.011381481	0.007320978	0.000359630	2,164,546	33,438	66,448	42,490	654	26,774	17,222	846
Wisconsin	2	2,630,166	3,2,	D+2	48366	133271	2.0	0.0	1.0	0.0	2.0	526,033	0.5513511859020231	1.7126832922678022E12	3881601.6708532865	3154973.0603923462	0.5181449207503337	0.48185507924966625	690,525	642,162	0.796524543	0.100792150	0.066851589	0.022114446	0.000273674	0.003831934	0.008976600	0.000635064	1,589,127	201,088	133,374	44,120	546	7,645	17,909	1,267
Wyoming	1	563,626	0,1,	R+21	91052	109718	0.0	0.0	0.0	0.0	1.0	563,626	1.3746117856988278	2.0479444078871938E13	0.0	1.8243691458350874E7	0.2925317632475984	0.7074682367524016	64,192	155,244	0.879282805	0.007624514	0.074890711	0.008156946	0.000616500	0.018130698	0.010653303	0.000644522	376,530	3,265	32,070	3,493	264	7,764	4,562	276