State	District	Population	Winner	PVI	Vote gap	Wasted votes	FV Safe D	FV Lean D	FV Tossup	FV Lean R	FV Safe R	Pop per seats	Compactness	Area	Paired edge length	Unpaired edge length	PRES08_DEM vote %	PRES08_REP vote %	PRES08_DEM votes	PRES08_REP votes	VAP_WHITE %	VAP_BLACK %	VAP_HISPAN %	VAP_ASIAN %	VAP_HAWAII %	VAP_INDIAN %	VAP_MULTI %	VAP_OTHER %	VAP_WHITE pop	VAP_BLACK pop	VAP_HISPAN pop	VAP_ASIAN pop	VAP_HAWAII pop	VAP_INDIAN pop	VAP_MULTI pop	VAP_OTHER pop
Alabama	1	1,593,769	1,2,	R+8	119152	118408	1.0	0.0	0.0	0.0	2.0	531,256	0.43492118531072255	3.9566049612952266E12	6581862.575744193	5480250.395785623	0.41614351669387983	0.5838564833061202	295,645	414,795	0.654644644	0.286608265	0.031218293	0.013920020	0.000303812	0.005192041	0.007480535	0.000632390	792,956	347,162	37,814	16,861	368	6,289	9,061	766
Alabama	2	1,592,828	1,2,	R+12	158380	110962	1.0	0.0	0.0	0.0	2.0	530,943	0.3955527323119817	4.1568212241036587E12	7101842.208587805	5853113.069089993	0.3810555913537578	0.6189444086462421	253,695	412,074	0.677361778	0.272810641	0.025472388	0.010711790	0.000438840	0.004286685	0.008465095	0.000452784	825,788	332,590	31,054	13,059	535	5,226	10,320	552
Alabama	3	1,593,139	1,2,	R+12	158214	109599	1.0	0.0	0.0	0.0	2.0	531,046	0.5906042036336719	2.901225482881492E12	4296368.150390356	4747283.685168187	0.3797023695471674	0.6202976304528326	249,690	407,904	0.749474063	0.182866619	0.040651636	0.008471693	0.000419928	0.006602974	0.011084942	0.000428146	912,017	222,526	49,468	10,309	511	8,035	13,489	521
Alaska	1	667,047	0,1,	R+1	2872	138486	0.0	0.0	1.0	0.0	0.0	667,047	0.2264219287995333	1.5083765280721478E14	0.0	1.2199423518190756E8	0.4948153603974409	0.5051846396025591	137,050	139,922	0.682767432	0.030848059	0.046737802	0.053328565	0.008598975	0.132700778	0.043645155	0.001373235	356,987	16,129	24,437	27,883	4,496	69,383	22,820	718
Arizona	1	2,455,782	2,3,	R+6	109018	86435	2.0	0.0	0.0	1.0	2.0	491,156	0.5257780680538517	1.1023691921356676E13	8106961.865939301	1.0833144906955346E7	0.43693634803856346	0.5630636519614365	377,662	486,679	0.660660208	0.031160645	0.245281155	0.024193013	0.001333387	0.023985597	0.012308861	0.001077135	1,204,005	56,788	447,007	44,090	2,430	43,712	22,432	1,963
Arizona	2	2,458,655	2,3,	R+2	36584	89673	2.0	0.0	1.0	0.0	2.0	491,731	0.29745767693211755	2.9027973642234116E12	9193506.87987694	2507194.3520977665	0.4796017936459612	0.5203982063540388	430,069	466,652	0.583067633	0.047006901	0.295351341	0.036715211	0.001805818	0.021102056	0.013584268	0.001366771	1,069,065	86,188	541,532	67,318	3,311	38,691	24,907	2,506
Arizona	3	1,477,580	1,2,	R+5	49812	83589	1.0	0.0	0.0	1.0	1.0	492,527	0.39473134269232424	1.0004362483580352E13	1.1661357990158897E7	8246624.7548162155	0.4503415575663076	0.5496584424336923	225,858	275,668	0.672796728	0.026442156	0.183065386	0.018886996	0.002221203	0.083829393	0.011772644	0.000985495	744,825	29,273	202,664	20,909	2,459	92,804	13,033	1,091
Arkansas	1	2,915,918	2,3,	R+10	207284	105753	1.0	1.0	0.0	0.0	3.0	583,184	0.33550710818491253	5.793552034463347E12	7651719.064127145	9438783.26255198	0.39800382969669745	0.6019961703033025	420,899	636,626	0.775210337	0.142388349	0.050395497	0.012152730	0.001438459	0.006748190	0.011198294	0.000468145	1,708,907	313,887	111,094	26,790	3,171	14,876	24,686	1,032
California	1	2,544,236	3,2,	D+14	116086	93316	3.0	0.0	1.0	0.0	1.0	508,847	0.32156379547021463	1.2764596036547227E12	4712287.719652635	3133972.7511554905	0.6377994440312663	0.36220055596873374	595,160	337,986	0.577768296	0.031573130	0.275556999	0.087903814	0.001803008	0.002973939	0.020448263	0.001972552	1,127,973	61,640	537,968	171,614	3,520	5,806	39,921	3,851
California	2	2,652,932	4,1,	D+30	216116	112119	4.0	0.0	1.0	0.0	0.0	530,586	0.22740326701405497	2.374649614634322E11	3566910.530540386	74096.56854245778	0.7963781048733434	0.20362189512665663	892,884	228,297	0.412915312	0.101835649	0.186541318	0.258501513	0.006527823	0.002601011	0.028304255	0.002773119	873,294	215,377	394,525	546,717	13,806	5,501	59,862	5,865
California	3	2,550,874	4,1,	D+18	136776	171266	3.0	0.0	1.0	0.0	1.0	510,175	0.337288386642387	7.073602556082147E10	1623396.3502723468	0.0	0.679861735545876	0.320138264454124	582,186	274,144	0.169606175	0.035429762	0.591114916	0.188985030	0.002205571	0.002031122	0.009249011	0.001378415	315,978	66,006	1,101,253	352,081	4,109	3,784	17,231	2,568
California	4	2,640,798	3,2,	D+15	104066	114336	3.0	0.0	1.0	0.0	1.0	528,160	0.34414597847817047	9.50772814641149E12	1.049797720403279E7	1.0846077895152701E7	0.6544911955092856	0.34550880449071447	748,304	395,033	0.651613021	0.048235958	0.188002555	0.068686092	0.003690712	0.011749791	0.025545825	0.002476047	1,325,044	98,087	382,300	139,672	7,505	23,893	51,947	5,035
California	5	2,636,263	3,2,	D+7	114382	83398	2.0	1.0	0.0	0.0	2.0	527,253	0.2500686640440065	4.482251363412182E12	1.3214153473596005E7	2391822.000454297	0.5685765471062805	0.4314234528937195	474,161	359,783	0.448692888	0.039461464	0.408726816	0.073258591	0.003470689	0.005225503	0.018684685	0.002479364	852,735	74,996	776,780	139,227	6,596	9,931	35,510	4,712
California	6	2,543,408	4,1,	D+21	10124	84210	3.0	0.0	1.0	0.0	1.0	508,682	0.34025780659056176	8.905704345621909E10	1813572.9083898813	0.0	0.7060106045042424	0.2939893954957576	594,528	247,567	0.408294364	0.038331506	0.371709917	0.156802178	0.000873280	0.001808937	0.019939729	0.002240088	818,197	76,814	744,884	314,222	1,750	3,625	39,958	4,489
California	7	2,559,152	3,2,	D+6	85312	75989	2.0	1.0	0.0	0.0	2.0	511,830	0.35262336092811725	5.814555485411438E12	1.21772000968476E7	2956888.9713497465	0.5561344679372616	0.4438655320627384	422,581	337,273	0.459492104	0.080944937	0.380207601	0.050930788	0.002449731	0.006053472	0.018071435	0.001849931	836,555	147,369	692,209	92,725	4,460	11,021	32,901	3,368
California	8	2,559,122	3,2,	D+4	58650	78690	2.0	0.0	1.0	0.0	2.0	511,824	0.35095973050927914	2.0658513727123917E11	2719730.205463354	0.0	0.5372658809535308	0.46273411904646927	422,767	364,119	0.357653164	0.066562596	0.431769062	0.120700753	0.002475762	0.002921161	0.016102233	0.001815269	658,457	122,545	794,908	222,216	4,558	5,378	29,645	3,342
California	9	2,646,419	4,1,	D+24	81296	103945	3.0	1.0	0.0	0.0	1.0	529,284	0.3765032190665692	3.5116604985335376E11	2569013.076351806	1139384.3658263464	0.7391049612243504	0.2608950387756496	768,256	271,185	0.424868971	0.025498574	0.221508318	0.297031809	0.004991733	0.002219309	0.021672737	0.002208549	868,764	52,139	452,936	607,365	10,207	4,538	44,316	4,516
California	10	2,556,588	3,2,	D+2	43854	96796	2.0	0.0	1.0	0.0	2.0	511,318	0.25088024294297595	3.4459389028607153E11	2947681.1581069175	1609177.5588514274	0.522652489640488	0.477347510359512	505,902	462,049	0.612243241	0.023729236	0.220216006	0.113900534	0.003276251	0.002932232	0.021763485	0.001939016	1,213,741	47,042	436,567	225,802	6,495	5,813	43,145	3,844
California	11	2,559,083	3,2,	D+5	86048	90521	2.0	1.0	0.0	0.0	2.0	511,817	0.42984035217009864	2.0803436212781047E12	5223801.152569622	3433118.5869511776	0.5475290127650643	0.45247098723493573	495,626	409,579	0.490125797	0.051425972	0.325071841	0.101663786	0.003597418	0.005743631	0.020624358	0.001747198	937,221	98,337	621,604	194,402	6,879	10,983	39,438	3,341
California	12	2,541,972	4,1,	D+21	10126	84164	3.0	0.0	1.0	0.0	1.0	508,394	0.2801357830487128	4.368173433396736E10	1399814.7815707885	0.0	0.7060127755439587	0.2939872244560413	594,186	247,422	0.164611149	0.193992908	0.483451407	0.133645905	0.003466322	0.001851103	0.015743892	0.003237314	311,241	366,795	914,093	252,693	6,554	3,500	29,768	6,121
California	13	1,577,221	2,1,	D+4	44964	101127	1.0	0.0	1.0	0.0	1.0	525,740	0.3374109430178268	2.9010110271031963E12	8451010.556072047	2591205.5366913453	0.5370519005137148	0.4629480994862853	325,860	280,897	0.599268934	0.057517201	0.188960175	0.113489584	0.005650150	0.006966987	0.026124075	0.002022893	704,467	67,614	222,131	133,412	6,642	8,190	30,710	2,378
California	14	1,568,744	1,2,	R+3	25216	70818	1.0	0.0	1.0	0.0	1.0	522,915	0.40791813575533237	4.635320002552376E12	1.0148571872794423E7	2401551.247650711	0.470329349632147	0.529670650367853	199,842	225,056	0.418507001	0.038277617	0.447379699	0.068429647	0.001100226	0.009502696	0.015258777	0.001544337	457,981	41,888	489,577	74,884	1,204	10,399	16,698	1,690
California	15	1,576,768	2,1,	D+4	52600	107603	1.0	1.0	0.0	0.0	1.0	525,589	0.15543900727238882	2.2902086632994326E12	1.0286677163658835E7	4427099.90736544	0.5407351187249269	0.4592648812750732	349,104	296,506	0.631124763	0.053470120	0.175569709	0.096169257	0.005345339	0.008301588	0.028207329	0.001811894	754,468	63,920	209,882	114,964	6,390	9,924	33,720	2,166
California	16	1,540,376	2,1,	D+3	28244	94043	1.0	0.0	1.0	0.0	1.0	513,459	0.6067502698912766	8.856733451829372E10	1354368.143944937	0.0	0.5250262296011683	0.4749737703988317	296,245	268,003	0.312051595	0.035029962	0.428618182	0.200322688	0.005049396	0.002411783	0.014983226	0.001533167	353,742	39,710	485,882	227,086	5,724	2,734	16,985	1,738
Colorado	1	2,514,601	3,2,	D+10	232354	118444	3.0	0.0	0.0	1.0	1.0	502,920	0.6413564974500289	4.066259059444133E12	5439903.446180264	4648014.246426443	0.6019120245795547	0.39808797542044533	712,904	471,495	0.715538764	0.041700877	0.191107434	0.030585431	0.000909641	0.005108669	0.013758385	0.001290799	1,364,780	79,538	364,508	58,337	1,735	9,744	26,242	2,462
Colorado	2	2,514,595	2,3,	R+1	26406	117463	2.0	0.0	1.0	0.0	2.0	502,919	0.8559340081163752	1.7729843717320367E13	5439903.446180261	1.4258557252773726E7	0.4887608834644557	0.5112391165355443	574,100	600,503	0.762420494	0.031258158	0.158183480	0.023732215	0.001249314	0.007489554	0.014407451	0.001259334	1,445,733	59,273	299,954	45,002	2,369	14,202	27,320	2,388
Connecticut	1	1,841,517	3,1,	D+11	183120	207218	2.0	0.0	1.0	0.0	1.0	460,379	0.5787272364691286	4.295547281887367E11	1828535.2944906813	1634029.7338561001	0.6104633767336815	0.38953662326631855	505,996	322,876	0.712038610	0.099930720	0.133094560	0.038838727	0.000257853	0.001278638	0.010562757	0.003998136	1,005,155	141,068	187,884	54,827	364	1,805	14,911	5,644
Connecticut	2	1,732,580	2,1,	D+12	183750	132740	2.0	0.0	0.0	0.0	1.0	577,527	0.5289885101402545	7.314363320251351E11	1828535.2944906808	3119828.4336587638	0.6153570885969462	0.3846429114030539	490,087	306,340	0.774025883	0.078003663	0.097413901	0.033936514	0.000271290	0.002407420	0.011809660	0.002131670	1,041,393	104,948	131,063	45,659	365	3,239	15,889	2,868
Delaware	1	897,934	1,1,	D+13	100832	101959	1.0	0.0	0.0	1.0	0.0	448,967	0.8135230378925188	5.1979433470856586E11	0.0	3778109.2446150845	0.6263813864988855	0.3736186135011144	255,459	152,374	0.690056908	0.195015957	0.066654242	0.031303049	0.000255718	0.003247762	0.012268680	0.001197684	477,636	134,984	46,136	21,667	177	2,248	8,492	829
Florida	1	2,971,916	2,3,	R+2	26948	69441	2.0	0.0	1.0	0.0	2.0	594,383	0.25823291083952515	1.3314377872199011E12	6825097.316113126	1632306.3714170358	0.4805989322680016	0.5194010677319985	333,713	360,656	0.660326788	0.118316623	0.173259002	0.030315339	0.000651009	0.002616874	0.011942004	0.002572361	1,542,771	276,432	404,798	70,828	1,521	6,114	27,901	6,010
Florida	2	2,773,482	3,2,	D+1	13100	64212	2.0	0.0	1.0	0.0	2.0	554,696	0.27892609140105684	2.488651328628367E12	5380357.632829784	6944448.18609472	0.510199314127662	0.48980068587233805	327,600	314,502	0.377680763	0.090400371	0.504128719	0.017582434	0.000242920	0.001417879	0.006975539	0.001571375	819,355	196,118	1,093,676	38,144	527	3,076	15,133	3,409
Florida	3	2,582,024	2,3,	R+6	85218	75341	2.0	0.0	0.0	1.0	2.0	516,405	0.29674801113767507	5.09628670552423E12	5472904.995937715	1.2290188563083215E7	0.4434454005710213	0.5565545994289788	334,086	419,301	0.753977200	0.146351852	0.059028768	0.020867798	0.000702211	0.004754106	0.013241766	0.001076300	1,541,860	299,285	120,712	42,674	1,436	9,722	27,079	2,201
Florida	4	2,871,942	3,2,	D+0	1068	63312	2.0	0.0	1.0	0.0	2.0	574,388	0.4243052813040524	1.0200552011930322E12	4072737.0718078674	1898204.0697633012	0.5008426589166265	0.49915734108337345	317,091	316,024	0.762785269	0.085560769	0.115091522	0.022518517	0.000532121	0.002285396	0.009955541	0.001270865	1,764,616	197,935	266,251	52,094	1,231	5,287	23,031	2,940
Florida	5	2,369,042	3,2,	D+15	92384	97648	3.0	0.0	1.0	0.0	1.0	473,808	0.2788847086145577	1.5284854934455505E11	2452004.130533276	229806.4705889452	0.6526951381620585	0.34730486183794146	637,332	339,130	0.578494100	0.203860486	0.173144183	0.026077328	0.000449950	0.001821175	0.012324462	0.003828316	1,082,547	381,488	324,008	48,799	842	3,408	23,063	7,164
Florida	6	1,696,909	2,3,	R+2	18752	45132	2.0	0.0	1.0	0.0	2.0	339,382	0.254899926815595	1.8641387164371682E12	8093544.338250544	1990581.4501693544	0.4792276483114224	0.5207723516885776	216,274	235,023	0.728385099	0.109083971	0.131102547	0.016753539	0.000430587	0.002685971	0.009946555	0.001611731	981,134	146,936	176,595	22,567	580	3,618	13,398	2,171
Florida	7	1,732,189	3,2,	D+11	77530	43877	3.0	0.0	0.0	1.0	1.0	346,438	0.2235912603904008	1.1685254695400658E11	2079213.0650324342	644640.1396430815	0.6116496224596079	0.38835037754039214	268,368	170,393	0.326270453	0.241858172	0.392875466	0.022840144	0.000407332	0.001405331	0.011864367	0.002478735	441,348	327,163	531,445	30,896	551	1,901	16,049	3,353
Florida	8	1,803,806	2,1,	D+1	6564	67270	1.0	0.0	1.0	0.0	1.0	601,269	0.25119211845710104	6.299468445514402E11	5613760.496865534	0.0	0.5081290942786637	0.49187090572133635	205,087	198,525	0.648671435	0.152889823	0.147868665	0.031758146	0.000621688	0.002897301	0.012760735	0.002532206	884,806	208,546	201,697	43,319	848	3,952	17,406	3,454
Georgia	1	2,295,331	1,4,	R+20	164870	172095	1.0	0.0	1.0	0.0	3.0	459,066	0.47989741713781375	1.7852100794725396E12	3891934.7368150796	3926959.622529231	0.3041992703894084	0.6958007296105916	261,751	598,708	0.735749406	0.093688536	0.104071581	0.052345303	0.000370095	0.002253559	0.010192299	0.001329222	1,226,598	156,192	173,502	87,267	617	3,757	16,992	2,216
Georgia	2	2,112,343	3,2,	D+5	87934	85456	2.0	1.0	0.0	0.0	2.0	422,469	0.40239010720248375	1.4296008371969954E12	5200505.325126394	1974961.2901349615	0.5514497392142843	0.4485502607857157	471,232	383,301	0.485269427	0.422640629	0.058700775	0.018860893	0.000435216	0.002337659	0.010606768	0.001148632	744,825	648,698	90,098	28,949	668	3,588	16,280	1,763
Georgia	3	1,768,545	1,2,	R+1	19720	119274	1.0	0.0	1.0	0.0	1.0	589,515	0.30213907016037644	3.255000248208478E12	7459209.288132449	5568100.066764569	0.48622340470128583	0.5137765952987141	347,958	367,676	0.591793429	0.332669070	0.042849127	0.017955395	0.000806731	0.002329304	0.010549846	0.001047098	787,854	442,882	57,045	23,904	1,074	3,101	14,045	1,394
Georgia	4	1,804,970	1,2,	R+5	68396	112699	1.0	0.0	0.0	1.0	1.0	601,657	0.5902242016990985	5.849915227957026E12	5391179.245222699	7692001.429230402	0.44942648746495034	0.5505735125350496	303,895	372,289	0.582770398	0.346805240	0.047716461	0.010435243	0.000592212	0.002600843	0.008402894	0.000676708	786,261	467,902	64,378	14,079	799	3,509	11,337	913
Georgia	5	1,706,464	2,1,	D+8	133108	131704	2.0	0.0	0.0	0.0	1.0	568,821	0.3582476579972145	1.402375892499085E11	2217917.9244936565	0.0	0.5842215892050179	0.4157784107949821	461,663	328,556	0.530578998	0.271976395	0.117217843	0.060874047	0.000411841	0.001803422	0.014228685	0.002908769	696,976	357,272	153,979	79,965	541	2,369	18,691	3,821
Hawaii	1	185,079	3,0,	D+27	14126	21915	2.0	0.0	1.0	0.0	0.0	61,693	0.5173926822463366	4.925152472611093E12	0.0	1.4582882199808676E7	0.7740900171881417	0.22590998281185828	50,891	14,852	0.255120054	0.014824659	0.071533569	0.411339321	0.085845205	0.002198805	0.157848257	0.001290130	269,530	15,662	75,574	434,573	90,694	2,323	166,764	1,363
Idaho	1	1,567,582	1,2,	R+13	166566	106421	1.0	0.0	0.0	0.0	2.0	522,527	0.551642918019351	1.7149255072304904E13	0.0	2.635343769005981E7	0.36956967742642766	0.6304303225735723	235,978	402,543	0.866508858	0.004969653	0.090281157	0.012484739	0.001330687	0.011053043	0.012558519	0.000813344	986,529	5,658	102,786	14,214	1,515	12,584	14,298	926
Illinois	1	3,068,356	3,2,	D+6	143950	129156	2.0	1.0	0.0	0.0	2.0	613,671	0.5136701929059404	4.3847290806381035E12	6396381.604858694	5280829.4704493275	0.555727011238391	0.4442729887616091	717,752	573,803	0.806050881	0.050976245	0.101842650	0.030162801	0.000222717	0.001589847	0.008529253	0.000625606	1,856,631	117,417	234,581	69,476	513	3,662	19,646	1,441
Illinois	2	2,685,867	3,2,	D+2	56782	117634	2.0	0.0	1.0	0.0	2.0	537,173	0.5105410177833111	6.422201737086779E12	4080929.670486885	1.1322477437835418E7	0.5241340673839415	0.4758659326160584	616,541	559,763	0.831096243	0.083604260	0.046935169	0.026177175	0.000326746	0.001957594	0.009256527	0.000646285	1,729,616	173,991	97,678	54,478	680	4,074	19,264	1,345
Illinois	3	3,113,525	4,1,	D+27	187746	125360	4.0	0.0	0.0	1.0	0.0	622,705	0.22224999018488178	1.042209779683152E11	2427513.3603893104	0.0	0.7748827169308012	0.22511728306919881	971,386	282,205	0.419550804	0.269031526	0.238930934	0.060298674	0.000204000	0.001267809	0.009545075	0.001171177	976,893	626,420	556,333	140,401	475	2,952	22,225	2,727
Illinois	4	1,983,630	4,1,	D+18	138008	169727	3.0	0.0	1.0	0.0	1.0	396,726	0.3478363572673175	5.0039511250047784E11	2631908.6343590817	2159870.124849197	0.6813111060571959	0.3186888939428041	578,179	270,448	0.629306998	0.129090300	0.150501259	0.076838532	0.000299992	0.001352620	0.011142194	0.001468104	948,180	194,501	226,761	115,773	452	2,038	16,788	2,212
Illinois	5	1,979,254	2,1,	D+12	193536	139353	2.0	0.0	0.0	0.0	1.0	659,751	0.4628655818105003	7.32931076859828E11	3704539.149295952	1008297.1842626733	0.6157348658362287	0.3842651341637713	514,819	321,286	0.674311948	0.138262917	0.127574774	0.048102716	0.000190305	0.001160728	0.009447784	0.000948827	999,215	204,882	189,044	71,280	282	1,720	14,000	1,406
Indiana	1	1,620,971	1,2,	R+2	28954	100996	1.0	0.0	1.0	0.0	1.0	540,324	0.269154252904408	1.809487764124085E12	7849704.081035276	1788941.086374701	0.47610961490224035	0.5238903850977596	288,511	317,465	0.842628560	0.077115194	0.048286283	0.019209284	0.000283885	0.002466721	0.009279964	0.000730109	1,012,157	92,630	58,001	23,074	341	2,963	11,147	877
Indiana	2	1,620,749	2,1,	D+1	17016	100437	1.0	0.0	1.0	0.0	1.0	540,250	0.4418351423495666	1.5741685331509863E12	4659288.156132254	2709141.9724695645	0.5141168778583898	0.48588312214161017	309,813	292,799	0.839881508	0.100579202	0.033883272	0.013320903	0.000345891	0.002086049	0.009179276	0.000723899	1,019,832	122,129	41,143	16,175	420	2,533	11,146	879
Indiana	3	1,621,011	2,1,	D+0	4666	97175	1.0	0.0	1.0	0.0	1.0	540,337	0.3657869476842902	2.7202403428501436E12	3736908.098736711	7906870.810598634	0.5040005351198102	0.49599946488018976	293,856	289,191	0.900970712	0.048850042	0.025465041	0.013045770	0.000267124	0.002262133	0.008536745	0.000602433	1,123,160	60,897	31,745	16,263	333	2,820	10,642	751
Indiana	4	1,621,071	2,1,	D+7	83966	100969	1.0	1.0	0.0	0.0	1.0	540,357	0.5025930449057435	1.5597102073966748E12	4069265.4163130987	2900715.0421758182	0.5692994126832682	0.4307005873167318	344,885	260,921	0.776452351	0.108244619	0.086101895	0.017297844	0.000255471	0.002169029	0.008854123	0.000624667	942,183	131,349	104,480	20,990	310	2,632	10,744	758
Iowa	1	1,523,171	2,1,	D+2	21432	114756	1.0	0.0	1.0	0.0	1.0	507,724	0.6821326015322724	6.770441232166006E12	4252508.175010222	9220779.538288802	0.5155621848348941	0.48443781516510587	354,979	333,549	0.903248083	0.021284884	0.045594105	0.019063913	0.000432048	0.002758862	0.007134869	0.000483235	1,041,128	24,534	52,554	21,974	498	3,180	8,224	557
Iowa	2	1,523,184	2,1,	D+9	129768	116576	2.0	0.0	0.0	0.0	1.0	507,728	0.6316056729801016	5.025491084696755E12	4252508.175010222	7662437.483828533	0.592763150370006	0.40723684962999396	414,607	284,841	0.915188387	0.027905668	0.030696235	0.015093767	0.000585908	0.002451718	0.007649396	0.000428922	1,066,847	32,530	35,783	17,595	683	2,858	8,917	500
Kansas	1	2,853,118	2,3,	R+8	184866	121102	2.0	0.0	0.0	1.0	2.0	570,624	1.1803500655825498	1.726877043624987E13	0.0	1.807877344765701E7	0.42367291257734446	0.5763270874226556	513,059	697,920	0.814691049	0.054628514	0.083690978	0.023472624	0.000653285	0.007993683	0.014114052	0.000755816	1,732,179	116,150	177,942	49,907	1,389	16,996	30,009	1,607
Kentucky	1	2,263,127	2,3,	R+12	149348	90516	1.0	1.0	0.0	0.0	3.0	452,625	0.6303429349655543	4.540880225712361E12	2635454.0688435254	9172077.019807281	0.38249958845827076	0.6175004115417292	346,213	558,920	0.915384846	0.041633178	0.023013871	0.009357288	0.000258096	0.001931391	0.007962298	0.000459030	1,585,366	72,105	39,858	16,206	447	3,345	13,790	795
Kentucky	2	2,076,240	1,2,	R+5	83788	149035	1.0	0.0	0.0	1.0	1.0	692,080	0.4506690091109166	3.8860602169764746E12	2635454.0688435254	1.0365425841878619E7	0.4531503019458734	0.5468496980541266	405,207	488,993	0.840201576	0.106596616	0.027138902	0.013026093	0.000620620	0.002287592	0.009519334	0.000609268	1,332,148	169,010	43,029	20,653	984	3,627	15,093	966
Louisiana	1	2,293,141	2,3,	R+11	185360	98105	1.0	1.0	0.0	0.0	3.0	458,628	0.24762187870389185	3.876641542470966E12	8618564.418665979	7210104.140012882	0.3944718931156558	0.6055281068843442	386,986	594,037	0.644889798	0.294927620	0.029019416	0.013594529	0.000337232	0.007471438	0.008716872	0.001043094	1,109,135	507,241	49,910	23,381	580	12,850	14,992	1,794
Louisiana	2	2,240,231	1,2,	R+8	158248	157771	1.0	0.0	0.0	0.0	2.0	746,744	0.34762422394101716	1.6201081950357817E12	4505081.3486994775	4196994.894657092	0.41641498252208115	0.5835850174779189	394,188	552,435	0.612528414	0.302181573	0.052009645	0.017845747	0.000337369	0.004188799	0.009297105	0.001611349	1,038,526	512,341	88,181	30,257	572	7,102	15,763	2,732
Maine	1	1,328,361	1,1,	D+9	226142	176092	1.0	0.0	0.0	1.0	0.0	664,180	0.6348582259758725	7.419277729879874E12	0.0	1.6157944322935505E7	0.5894716218767879	0.410528378123212	415,202	289,161	0.955585731	0.008572556	0.009987398	0.009284248	0.000222048	0.005768494	0.010007326	0.000572200	1,007,023	9,034	10,525	9,784	234	6,079	10,546	603
Maryland	1	2,066,822	3,2,	D+9	175562	93189	3.0	0.0	0.0	1.0	1.0	413,364	0.20101649531277802	7.749761626063713E11	1743911.9379454206	6955297.27306461	0.5941974863500566	0.40580251364994335	553,716	378,156	0.645011096	0.160746960	0.092369800	0.083401724	0.000407812	0.001701431	0.014437820	0.001923357	1,020,156	254,239	146,093	131,909	645	2,691	22,835	3,042
Maryland	2	1,855,176	2,1,	D+6	94748	141360	1.0	1.0	0.0	0.0	1.0	618,392	0.6119688175976336	1.6756540019765562E12	1532008.7645988849	5778482.104688963	0.5558547671121434	0.44414523288785657	471,451	376,704	0.647717743	0.272704531	0.037790030	0.024119886	0.000436199	0.003134430	0.013102874	0.000994308	919,162	386,989	53,627	34,228	619	4,448	18,594	1,411
Maryland	3	1,851,554	2,1,	D+25	138982	134576	2.0	0.0	1.0	0.0	0.0	617,185	0.3202616401755571	1.591803059746042E11	2421099.4646031586	104104.32008164228	0.7472713514504286	0.25272864854957144	603,385	204,066	0.415654624	0.421556448	0.086335657	0.055919431	0.000473977	0.002523417	0.015793366	0.001743080	590,188	598,568	122,588	79,400	673	3,583	22,425	2,475
Massachusetts	1	1,954,357	2,1,	D+10	180786	155323	2.0	0.0	0.0	0.0	1.0	651,452	0.46852219957475616	1.314520215461096E12	1448290.065265995	5985975.229132206	0.5969946337343993	0.40300536626560063	556,359	375,574	0.830709076	0.034204345	0.077054141	0.037310842	0.000212404	0.001754474	0.011358047	0.007396671	1,263,246	52,014	117,175	56,738	323	2,668	17,272	11,248
Massachusetts	2	1,963,731	2,1,	D+11	196402	146851	2.0	0.0	0.0	0.0	1.0	654,577	0.7486377251074813	1.0876761079414901E12	1361748.325677278	3881484.9734063763	0.6114519125676858	0.38854808743231417	538,746	342,347	0.802277478	0.039931223	0.091877842	0.045765724	0.000231370	0.001527045	0.012088772	0.006300546	1,213,626	60,405	138,986	69,231	350	2,310	18,287	9,531
Massachusetts	3	1,126,010	3,0,	D+27	91704	153035	2.0	0.0	1.0	0.0	0.0	375,337	0.41718674649906307	5.475714808852263E10	1284281.098635001	0.0	0.7665382278050895	0.23346177219491052	351,920	107,183	0.606126586	0.136775860	0.125925199	0.098172486	0.000262630	0.001476614	0.018814568	0.012446057	556,206	125,511	115,554	90,087	241	1,355	17,265	11,421
Massachusetts	4	1,451,010	2,1,	D+14	182254	110460	2.0	0.0	0.0	0.0	1.0	483,670	-1.0	-1.0	-1.0	-1.0	0.6374960958541366	0.3625039041458634	422,505	240,252	0.774897453	0.058162859	0.089822310	0.053157409	0.000218884	0.001543573	0.013735439	0.008462074	885,053	66,431	102,591	60,714	250	1,763	15,688	9,665
Michigan	1	2,572,956	3,2,	D+16	104086	124452	3.0	0.0	1.0	0.0	1.0	514,591	0.3363244219923627	6.927288135932609E11	3296864.8210555417	2387559.393115127	0.6581825048311993	0.3418174951688007	819,118	425,397	0.650291153	0.275303814	0.037593034	0.018897553	0.000178419	0.003229032	0.013713619	0.000793375	1,264,722	535,426	73,113	36,753	347	6,280	26,671	1,543
Michigan	2	2,569,043	3,2,	D+12	226624	133535	3.0	0.0	0.0	1.0	1.0	513,809	0.49247993868373113	7.670049937231925E11	4423945.373783122	0.0	0.6151440536314455	0.3848559463685544	821,424	513,912	0.781204666	0.120612016	0.030425484	0.050199058	0.000235617	0.002848177	0.013539102	0.000935880	1,541,741	238,033	60,046	99,070	465	5,621	26,720	1,847
Michigan	3	2,413,020	3,2,	D+1	27670	116942	2.0	0.0	1.0	0.0	2.0	482,604	0.8336110618155936	3.463058645801801E12	4647992.734267612	3436348.3888723045	0.5118303145771674	0.4881696854228325	598,540	570,871	0.850327944	0.067512195	0.050283634	0.014842212	0.000254066	0.004500446	0.011596666	0.000682838	1,542,909	122,500	91,239	26,931	461	8,166	21,042	1,239
Michigan	4	2,328,621	2,1,	D+4	95060	194481	1.0	1.0	0.0	0.0	1.0	776,207	0.5495524714401383	1.5523567031212918E13	5121020.381608342	1.8292852690233722E7	0.5407315106271205	0.4592684893728795	630,965	535,908	0.891867822	0.056650654	0.022202518	0.006917081	0.000232470	0.011072200	0.010673681	0.000383575	1,611,326	102,350	40,113	12,497	420	20,004	19,284	693
Minnesota	1	2,657,447	3,2,	D+5	148790	142473	2.0	1.0	0.0	0.0	2.0	531,489	0.3999700175843895	1.3144187578241588E13	4652576.224932092	2.0892043483988393E7	0.5522168690935431	0.4477831309064569	786,750	637,962	0.859292247	0.046486228	0.028156991	0.038546924	0.000289503	0.014142582	0.012397647	0.000687878	1,736,377	93,935	56,897	77,892	585	28,578	25,052	1,390
Minnesota	2	2,646,478	3,2,	D+5	149156	141992	2.0	1.0	0.0	0.0	2.0	529,296	0.6603254642767195	5.136864138275547E12	4652576.224932091	6979547.840135124	0.5525226581102618	0.44747734188973814	784,533	635,378	0.863497896	0.040393546	0.045988907	0.034075380	0.000383162	0.004717991	0.010006723	0.000936395	1,726,267	80,753	91,939	68,122	766	9,432	20,005	1,872
Mississippi	1	2,967,297	2,3,	R+7	165674	118013	2.0	0.0	0.0	1.0	2.0	593,459	0.4622187485339325	5.731562658917964E12	3331705.716806926	1.2201676085279211E7	0.4298069003386108	0.5701930996613892	507,222	672,894	0.609585566	0.345542111	0.024856878	0.008789000	0.000330961	0.004268129	0.006205516	0.000421839	1,348,246	764,250	54,977	19,439	732	9,440	13,725	933
Missouri	1	2,096,068	3,2,	D+2	33674	98893	2.0	0.0	1.0	0.0	2.0	419,214	0.4638573929363746	6.28476124630272E12	6257973.856593737	9053894.351917379	0.5170244199886136	0.48297558001138635	511,287	477,616	0.816866960	0.132173267	0.023879315	0.012203885	0.000831334	0.003096593	0.010331482	0.000617164	1,289,168	208,594	37,686	19,260	1,312	4,887	16,305	974
Missouri	2	1,925,006	1,2,	R+3	51190	141306	1.0	0.0	1.0	0.0	1.0	641,669	0.6054450600069679	4.546007623321959E12	5973898.279274555	4986341.318188447	0.4698122732441014	0.5301877267558986	398,320	449,508	0.832498783	0.089004800	0.043308886	0.011847165	0.001523606	0.006545233	0.014687729	0.000583799	1,220,658	130,504	63,502	17,371	2,234	9,597	21,536	856
Missouri	3	1,967,853	2,1,	D+2	42290	161539	1.0	0.0	1.0	0.0	1.0	655,951	0.4458615756015326	3.8215987051683315E12	4778490.834002384	7466451.377487469	0.5218149421029878	0.47818505789701216	505,754	463,467	0.842282036	0.099083833	0.020160008	0.024824117	0.000244890	0.002575957	0.010235365	0.000593793	1,279,466	150,513	30,624	37,709	372	3,913	15,548	902
Montana	1	989,415	1,1,	R+1	225990	118543	1.0	0.0	0.0	0.0	1.0	494,708	0.8568842825488256	3.1006708533381477E13	0.0	2.8432196609702956E7	0.48829960436297376	0.5117003956370262	231,538	242,634	0.899897108	0.003417109	0.022745909	0.006317147	0.000605861	0.050857085	0.015680575	0.000479205	689,188	2,617	17,420	4,838	464	38,949	12,009	367
Nebraska	1	1,826,341	2,2,	R+7	79448	95091	1.0	0.0	1.0	0.0	2.0	456,585	0.9378405907719913	1.6213575873774137E13	0.0	1.9652534165798683E7	0.4272179937163965	0.5727820062836034	324,989	435,721	0.853587103	0.040216660	0.071845193	0.017128709	0.000501785	0.007049125	0.008906314	0.000765112	1,166,956	54,981	98,221	23,417	686	9,637	12,176	1,046
Nevada	1	2,700,551	3,2,	D+6	121826	94284	2.0	1.0	0.0	0.0	2.0	540,110	1.1388032671912331	2.344911768075124E13	0.0	2.1447791025012612E7	0.5646061308021846	0.4353938691978155	532,318	410,495	0.589178416	0.074923497	0.223298648	0.075936495	0.005542993	0.008772598	0.020844561	0.001502793	1,199,298	152,510	454,534	154,572	11,283	17,857	42,430	3,059
New Hampshire	1	1,316,470	1,1,	D+5	282230	175264	1.0	0.0	0.0	0.0	1.0	658,235	0.5664116825174693	1.9442869244246414E12	0.0	8757048.302476518	0.5487102972243183	0.4512897027756817	384,675	316,378	0.935578429	0.009167965	0.022282547	0.020230540	0.000256501	0.002063667	0.009218488	0.001201862	962,931	9,436	22,934	20,822	264	2,124	9,488	1,237
New Jersey	1	2,672,255	3,2,	D+9	199056	114661	3.0	0.0	0.0	1.0	1.0	534,451	0.5587406936782585	3.147662671810978E11	1854707.4409502314	1074640.1056066041	0.5868029451217278	0.41319705487827213	672,813	473,761	0.590665409	0.152506180	0.168435206	0.074199687	0.000186267	0.001225386	0.010351458	0.002430407	1,189,153	307,032	339,101	149,382	375	2,467	20,840	4,893
New Jersey	2	2,121,901	3,2,	D+10	191848	96403	3.0	0.0	0.0	1.0	1.0	424,380	0.3399034053927682	3.2623106719885034E11	2989591.6964520635	644384.9953027036	0.6004962547496372	0.3995037452503628	578,891	385,130	0.669832429	0.134441660	0.106511494	0.074119428	0.000290467	0.001302137	0.011712410	0.001789974	1,079,232	216,612	171,611	119,421	468	2,098	18,871	2,884
New Jersey	3	2,099,858	2,1,	D+1	20602	159344	1.0	0.0	1.0	0.0	1.0	699,953	0.41166413032192767	8.253459088131559E11	2137135.029484179	3843014.0054383515	0.5107738941343701	0.4892261058656299	488,331	467,730	0.747811396	0.087499699	0.101770450	0.049539009	0.000222826	0.001653605	0.009857434	0.001645580	1,211,527	141,758	164,878	80,258	361	2,679	15,970	2,666
New Jersey	4	1,897,880	2,1,	D+12	188822	125949	2.0	0.0	0.0	0.0	1.0	632,627	0.3260603977219906	4.568143296088912E10	861258.784934232	620804.3187205452	0.6249330081554714	0.37506699184452863	472,255	283,434	0.451814703	0.112913531	0.282397178	0.133072855	0.000242217	0.001039036	0.012869878	0.005650602	669,654	167,354	418,553	197,233	359	1,540	19,075	8,375
New Mexico	1	2,059,179	2,2,	D+8	78872	102231	2.0	0.0	1.0	0.0	1.0	514,795	1.2298592117267204	2.556113859498655E13	0.0	2.1547955351523157E7	0.5767811923402829	0.42321880765971703	471,713	346,124	0.452998915	0.017820756	0.422799767	0.013603314	0.000640698	0.079170039	0.011257333	0.001709178	697,848	27,453	651,326	20,956	987	121,962	17,342	2,633
New York	1	3,547,819	4,1,	D+26	129600	116859	4.0	0.0	0.0	1.0	0.0	709,564	0.4306728796556012	5.65777035090798E10	667259.8243844375	823459.0851432572	0.7554509256240357	0.24454907437596432	882,792	285,771	0.483545820	0.201638916	0.162622851	0.131485171	0.000283680	0.001468779	0.015035421	0.003919363	1,353,408	564,372	455,169	368,017	794	4,111	42,083	10,970
New York	2	2,252,154	3,2,	D+5	99686	95234	2.0	1.0	0.0	0.0	2.0	450,431	0.3971922409429142	4.952337844141472E12	7468501.080456792	6731694.426487242	0.5523370894355556	0.4476629105644444	526,000	426,317	0.839403873	0.053785631	0.059912292	0.030399309	0.000326451	0.004009867	0.010139381	0.002023196	1,470,785	94,242	104,977	53,265	572	7,026	17,766	3,545
New York	3	2,313,836	3,2,	D+5	97854	100857	2.0	1.0	0.0	0.0	2.0	462,767	0.3918040673475223	4.7290292225894476E11	1945138.4575018755	2599205.548676613	0.5485110699295915	0.4514889300704085	553,197	455,346	0.684151841	0.089480157	0.166523165	0.046489539	0.000195170	0.001582293	0.009382878	0.002194957	1,209,367	158,173	294,361	82,179	345	2,797	16,586	3,880
New York	4	3,296,363	4,1,	D+27	170000	120061	4.0	0.0	0.0	1.0	0.0	659,273	0.27698750836835445	8.952950420332518E10	1538676.0308737566	635611.3898392946	0.7707972400282528	0.22920275997174727	925,413	275,179	0.370081481	0.209365397	0.342308836	0.060024187	0.000284293	0.001620904	0.012196031	0.004118872	933,364	528,030	863,320	151,384	717	4,088	30,759	10,388
New York	5	2,280,492	3,2,	D+6	112022	98903	2.0	1.0	0.0	0.0	2.0	456,098	0.29461785410856683	2.9927819766179346E12	9144263.598336143	2872042.940049309	0.5566322950392014	0.4433677049607985	550,506	438,488	0.831300589	0.063507898	0.053371498	0.035490547	0.000228275	0.003363134	0.011562556	0.001175502	1,485,801	113,509	95,392	63,433	408	6,011	20,666	2,101
New York	6	1,862,465	3,2,	D+6	90588	81885	2.0	1.0	0.0	0.0	2.0	372,493	0.5953951564725932	1.8602166349967056E12	2991806.669625664	4365469.040644048	0.5553141574493705	0.4446858425506295	454,714	364,127	0.810954563	0.081020157	0.056872437	0.034432455	0.000204491	0.005940498	0.009318361	0.001257038	1,185,751	118,465	83,157	50,346	299	8,686	13,625	1,838
New York	7	1,755,582	2,1,	D+8	114134	126495	1.0	1.0	0.0	0.0	1.0	585,194	0.30443464805664744	9.005501508424064E11	4197948.973948106	2531986.5986904325	0.5751900602131836	0.42480993978681636	436,552	322,418	0.738607642	0.075536804	0.120839950	0.048943849	0.000215247	0.001751561	0.012280898	0.001824049	998,551	102,121	163,368	66,169	291	2,368	16,603	2,466
New York	8	2,069,391	2,1,	D+22	140156	107682	2.0	0.0	1.0	0.0	0.0	689,797	0.20711976595631687	2.0449078092507298E10	1113861.069987262	0.0	0.724868011497046	0.27513198850295395	468,322	177,757	0.286340995	0.258570943	0.238782103	0.177085222	0.000481716	0.002517214	0.022880264	0.013341544	461,269	416,534	384,656	285,268	776	4,055	36,858	21,492
North Carolina	1	2,031,976	3,2,	D+4	77850	95315	2.0	1.0	0.0	0.0	2.0	406,395	0.6240150875984578	3.751049645512886E12	4503561.541030007	5583625.985018077	0.540837856184354	0.459162143815646	515,485	437,638	0.619529689	0.283470559	0.060339953	0.020896912	0.000362751	0.004751264	0.009741995	0.000906878	959,820	439,173	93,483	32,375	562	7,361	15,093	1,405
North Carolina	2	1,902,853	2,3,	R+2	37562	76073	2.0	0.0	1.0	0.0	2.0	380,571	0.5596670918094514	2.717764618314467E12	5374849.490138994	3249143.851651538	0.47531333229918993	0.5246866677008101	361,568	399,126	0.635122135	0.225346411	0.075954641	0.011418644	0.001147947	0.037185923	0.012812679	0.001011619	908,466	322,331	108,644	16,333	1,642	53,190	18,327	1,447
North Carolina	3	1,955,318	1,2,	R+4	73264	147694	1.0	0.0	0.0	1.0	1.0	651,773	0.4475694027738662	2.1842349844950215E12	2463874.552730073	7156340.196195623	0.4586627035042165	0.5413372964957835	406,449	479,712	0.805455150	0.107399540	0.054109863	0.016374125	0.000444267	0.006426754	0.009052266	0.000738035	1,225,587	163,420	82,334	24,915	676	9,779	13,774	1,123
North Carolina	4	1,777,220	2,1,	D+4	57628	136055	1.0	0.0	1.0	0.0	1.0	592,407	0.3128331425093021	1.3628876137022524E12	6475331.762226691	1231683.6852914183	0.53529699998775	0.46470300001224996	436,979	379,351	0.689496592	0.182831177	0.077171452	0.035641512	0.000318456	0.003494001	0.009679103	0.001367708	918,013	243,426	102,748	47,454	424	4,652	12,887	1,821
North Carolina	5	1,868,116	1,2,	R+1	10444	142022	1.0	0.0	1.0	0.0	1.0	622,705	0.3201422581851793	1.309545297925038E12	5396556.175732346	2364031.274689804	0.493872392260778	0.5061276077392219	420,842	431,285	0.670182801	0.219833334	0.073968292	0.022136799	0.000342677	0.003034838	0.009536556	0.000964703	952,439	312,419	105,121	31,460	487	4,313	13,553	1,371
North Dakota	1	672,591	0,1,	R+4	27323	154938	0.0	0.0	0.0	1.0	0.0	672,591	0.9168873183201779	1.4782657636465193E13	0.0	1.8978502659942824E7	0.45591286809197257	0.5440871319080274	141,276	168,599	0.910020661	0.009865702	0.015426997	0.010642409	0.000418962	0.043591215	0.009657178	0.000376875	475,686	5,157	8,064	5,563	219	22,786	5,048	197
Ohio	1	2,384,239	2,3,	R+4	95286	117371	2.0	0.0	0.0	1.0	2.0	476,848	0.4875299303077245	1.1586821491830408E12	3452216.3404890755	2683649.1711025	0.4594084308319389	0.5405915691680612	539,204	634,488	0.810424853	0.135991174	0.019877898	0.019668104	0.000405197	0.001891473	0.010884962	0.000856338	1,464,056	245,672	35,910	35,531	732	3,417	19,664	1,547
Ohio	2	2,284,724	3,2,	D+4	94858	113976	2.0	1.0	0.0	0.0	2.0	456,945	0.5151066157212201	1.1706401806546985E12	4410923.0504964115	1244129.3747889048	0.5416131466273602	0.45838685337263985	617,309	522,451	0.883352487	0.076904480	0.014917470	0.013456142	0.000175359	0.001624771	0.008966599	0.000602692	1,556,551	135,513	26,286	23,711	309	2,863	15,800	1,062
Ohio	3	2,321,380	3,2,	D+16	87192	114510	3.0	0.0	1.0	0.0	1.0	464,276	0.34765345417774257	1.4380863050260745E12	4520533.755389602	3585708.5868787374	0.6619284118011278	0.33807158819887223	757,959	387,118	0.729902471	0.194574075	0.045729151	0.015909079	0.000170849	0.001895018	0.010986401	0.000832957	1,303,027	347,355	81,636	28,401	305	3,383	19,613	1,487
Ohio	4	2,264,199	1,2,	R+6	128016	174113	1.0	0.0	0.0	1.0	1.0	754,733	0.30432593456300583	2.9142892112974873E12	9019779.761639468	2600130.1910016327	0.4387298165541588	0.5612701834458411	458,327	586,341	0.898428487	0.047031202	0.025067847	0.017030487	0.000301020	0.001949019	0.009565301	0.000626638	1,534,090	80,307	42,804	29,080	514	3,328	16,333	1,070
Ohio	5	2,281,962	2,1,	D+2	41442	172638	1.0	0.0	1.0	0.0	1.0	760,654	0.26796390487118005	2.7616346559091597E12	8037527.778411741	4456896.313639885	0.5200035141308609	0.4799964858691392	538,629	497,189	0.844246949	0.105577518	0.018509559	0.016501414	0.000303257	0.002125091	0.011864279	0.000871935	1,472,701	184,169	32,288	28,785	529	3,707	20,696	1,521
Oklahoma	1	1,910,941	1,3,	R+15	43196	92467	1.0	0.0	0.0	1.0	2.0	477,735	0.44407604463447775	8.18801823828773E12	5263320.905755303	1.327795568572675E7	0.3458047526219451	0.6541952473780549	255,798	483,920	0.728504215	0.084244291	0.088238438	0.023453986	0.001350819	0.043261595	0.030185172	0.000761484	1,049,489	121,363	127,117	33,788	1,946	62,323	43,485	1,097
Oklahoma	2	1,840,410	1,2,	R+16	229592	120134	1.0	0.0	0.0	0.0	2.0	613,470	0.4465160806113245	6.517197794036346E12	5263320.905755302	1.1039653307036897E7	0.3407389526140254	0.6592610473859746	245,606	475,198	0.728427886	0.053713877	0.052379411	0.010963907	0.000546675	0.105396006	0.048069007	0.000503230	1,006,015	74,183	72,340	15,142	755	145,560	66,387	695
Oregon	1	2,189,591	3,2,	D+3	56016	100879	2.0	0.0	1.0	0.0	2.0	437,918	0.99570273233356	1.941545838987881E13	2120376.4819340236	1.804428239614776E7	0.5277635968020936	0.4722364031979064	532,400	476,385	0.825779095	0.008447270	0.087285894	0.021760717	0.002606733	0.013253606	0.019728814	0.021137871	1,437,896	14,709	151,987	37,891	4,539	23,078	34,353	36,807
Oregon	2	1,641,483	2,1,	D+16	242788	127696	2.0	0.0	0.0	0.0	1.0	547,161	0.6929518318417283	1.0845866084815901E12	2120376.481934024	3086054.4458411746	0.6584417838837544	0.3415582161162456	504,479	261,692	0.768540048	0.024901540	0.090964090	0.061135472	0.003301450	0.006785215	0.021671847	0.022700337	994,939	32,237	117,761	79,145	4,274	8,784	28,056	29,387
Pennsylvania	1	2,980,206	3,2,	D+10	281166	145332	3.0	0.0	0.0	1.0	1.0	596,041	0.4352537446333912	5.546239524260206E11	3126250.3946917327	1167124.3332104178	0.5967333182410259	0.403266681758974	867,220	586,059	0.776431979	0.129873140	0.045979615	0.036094268	0.000228225	0.001274365	0.009220900	0.000897509	1,765,663	295,341	104,561	82,081	519	2,898	20,969	2,041
Pennsylvania	2	2,774,627	2,3,	R+1	26544	125045	2.0	0.0	1.0	0.0	2.0	554,925	0.37653148724294033	2.811781701258391E12	8417183.52902337	1693260.6035101637	0.48938622096045425	0.5106137790395457	611,953	638,497	0.911508877	0.053631875	0.011957404	0.013946685	0.000174633	0.001045538	0.007172180	0.000562808	2,014,750	118,545	26,430	30,827	386	2,311	15,853	1,244
Pennsylvania	3	2,662,993	3,2,	D+3	65384	108325	2.0	0.0	1.0	0.0	2.0	532,599	0.6061510851878875	2.614516280996141E12	4311851.142939095	4067189.5049213637	0.5301785974753005	0.46982140252469956	574,299	508,919	0.882586329	0.039252030	0.055007134	0.013454369	0.000198118	0.001327292	0.007407975	0.000766753	1,853,223	82,420	115,502	28,251	416	2,787	15,555	1,610
Pennsylvania	4	2,197,903	4,1,	D+20	2326	104241	3.0	0.0	1.0	0.0	1.0	439,581	0.43130094630829025	9.168682032961055E10	957898.1359083445	902051.8047593866	0.7011130362038961	0.2988869637961039	730,822	311,552	0.621999735	0.224843697	0.081771089	0.055527961	0.000264165	0.001734938	0.011966501	0.001891914	1,061,919	383,868	139,605	94,801	451	2,962	20,430	3,230
Pennsylvania	5	2,086,650	1,2,	R+4	69240	149271	1.0	0.0	1.0	0.0	1.0	695,550	0.4977969086288216	1.0991727932022765E12	4459257.267676702	1077774.6303213674	0.46134547232885154	0.5386545276711484	413,193	482,433	0.874563173	0.051700823	0.045295362	0.017739340	0.000208182	0.001362141	0.008353848	0.000777131	1,415,721	83,692	73,323	28,716	337	2,205	13,523	1,258
Rhode Island	1	1,052,567	1,1,	D+14	99684	115429	1.0	0.0	1.0	0.0	0.0	526,284	0.7371451916808172	3.3906130123541895E11	0.0	3205577.3611788675	0.6420505245648841	0.35794947543511596	296,445	165,271	0.784948472	0.044217146	0.100627414	0.027910551	0.000285080	0.003483919	0.015462044	0.023065374	660,823	37,225	84,715	23,497	240	2,933	13,017	19,418
South Carolina	1	1,541,823	1,2,	R+1	10940	103120	1.0	0.0	1.0	0.0	1.0	513,941	0.34817687887526616	2.710804287689753E12	4716861.798300114	6899271.4624109	0.4911599325701411	0.5088400674298589	303,889	314,828	0.646715685	0.277694813	0.048260899	0.012025793	0.000551203	0.004684807	0.009020603	0.001046195	770,845	330,995	57,524	14,334	657	5,584	10,752	1,247
South Carolina	2	1,540,947	1,2,	R+12	138132	97305	1.0	0.0	0.0	0.0	2.0	513,649	0.451426529087886	1.752413994907298E12	3511539.8803161466	4630494.008908668	0.3817018652689995	0.6182981347310005	222,849	360,981	0.744185888	0.188691876	0.043684842	0.012810754	0.000272696	0.002254625	0.007463029	0.000636290	876,008	222,116	51,423	15,080	321	2,654	8,785	749
South Carolina	3	1,542,594	1,2,	R+1	9132	102945	1.0	0.0	1.0	0.0	1.0	514,198	0.2853852382404762	2.267517599790615E12	8228401.678616262	2351835.23273146	0.4926092264053803	0.5073907735946197	304,266	313,396	0.611417092	0.322993564	0.038466053	0.012996931	0.000496676	0.003720820	0.009203821	0.000705042	718,914	379,781	45,229	15,282	584	4,375	10,822	829
South Dakota	1	814,180	1,1,	R+4	135694	81651	1.0	0.0	0.0	0.0	1.0	407,090	0.9949631916323538	1.6216156133362172E13	0.0	1.908157066470927E7	0.4577358918068224	0.5422641081931776	149,497	177,104	0.878449352	0.010430450	0.021127509	0.009031982	0.000387646	0.069225019	0.010952218	0.000395824	537,069	6,377	12,917	5,522	237	42,323	6,696	242
Tennessee	1	1,697,122	1,2,	R+5	64766	115828	1.0	0.0	0.0	1.0	1.0	565,707	0.3511081422187468	1.0175392981563994E12	5146097.795312039	1184884.3107876678	0.45340451248992747	0.5465954875100725	315,098	379,862	0.748129346	0.154638941	0.058503602	0.022777785	0.000735096	0.002843207	0.011422983	0.000949042	954,631	197,323	74,652	29,065	938	3,628	14,576	1,211
Tennessee	2	1,331,234	1,2,	R+17	162550	84876	0.0	1.0	0.0	0.0	2.0	443,745	0.30452739262993406	1.432971737791456E12	3661557.7511603856	5370883.848700221	0.32626343156968707	0.6737365684303129	166,149	343,099	0.914297154	0.039076613	0.025008956	0.009540950	0.000340030	0.002493233	0.008728710	0.000514355	954,550	40,797	26,110	9,961	355	2,603	9,113	537
Tennessee	3	1,937,398	2,1,	D+1	12790	132843	1.0	0.0	1.0	0.0	1.0	645,799	0.28540679554864706	3.7616554193808623E12	6253931.972299379	8820781.398276249	0.5080226584112765	0.49197734158872347	404,922	392,133	0.636556347	0.304489363	0.034530281	0.013171217	0.000283880	0.002473813	0.007952770	0.000542328	926,087	442,983	50,236	19,162	413	3,599	11,570	789
Tennessee	4	1,380,351	1,2,	R+14	157528	91205	1.0	0.0	0.0	0.0	2.0	460,117	0.33608433782598807	2.619820629849497E12	7115066.99160384	3709639.1301658857	0.3560678325384208	0.6439321674615792	194,851	352,379	0.885691699	0.064684737	0.028838883	0.008463424	0.000289244	0.002952898	0.008637342	0.000441772	952,309	69,550	31,008	9,100	311	3,175	9,287	475
Texas	1	2,498,955	3,2,	D+3	46324	85457	2.0	0.0	1.0	0.0	2.0	499,791	0.3587294462522495	1.2554927818855525E12	6631755.840561773	0.0	0.5271030902742021	0.47289690972579784	450,437	404,115	0.495812360	0.066852083	0.389686662	0.031023372	0.000854413	0.002828273	0.011528432	0.001414404	927,893	125,111	729,283	58,059	1,599	5,293	21,575	2,647
Texas	2	2,121,400	2,3,	R+4	45844	62008	2.0	0.0	1.0	0.0	2.0	424,280	0.32288223276958933	2.232360783800531E11	2947576.26273434	0.0	0.46303488139551385	0.5369651186044861	287,102	332,942	0.421091417	0.164684622	0.346956728	0.053391521	0.000677510	0.002285062	0.009209354	0.001703785	651,983	254,984	537,199	82,667	1,049	3,538	14,259	2,638
Texas	3	2,144,364	2,3,	R+4	57478	67894	2.0	0.0	0.0	1.0	2.0	428,873	0.3617459417041162	2.5615565675325137E12	8585907.139210096	1129608.8789620346	0.4576713809752462	0.5423286190247538	310,725	368,201	0.423733114	0.195125531	0.261309512	0.104853596	0.000392019	0.002209916	0.010732573	0.001643739	649,621	299,145	400,611	160,750	601	3,388	16,454	2,520
Texas	4	2,612,881	2,3,	R+14	107244	90244	1.0	0.0	1.0	0.0	3.0	522,576	0.24499168708944513	1.861068881585349E13	2.2729309706508018E7	1.0889700585268982E7	0.35941972453426924	0.6405802754657308	324,340	578,059	0.615852794	0.052109475	0.296863666	0.019572644	0.000700865	0.004648640	0.009307701	0.000944214	1,181,856	100,001	569,698	37,561	1,345	8,921	17,862	1,812
Texas	5	2,441,837	2,3,	R+10	163586	81854	1.0	1.0	0.0	0.0	3.0	488,367	0.3229160765407053	4.1681216772146934E12	1.2735919129529377E7	0.0	0.39992767372051513	0.6000723262794849	327,346	491,167	0.550971774	0.197322055	0.213928543	0.023012920	0.000749581	0.003697668	0.009440879	0.000876581	976,133	349,587	379,008	40,771	1,328	6,551	16,726	1,553
Texas	6	2,651,573	2,3,	R+15	94652	96728	1.0	0.0	1.0	0.0	3.0	530,315	0.3250749589739703	3.9905548747007905E12	6245398.652152106	8233115.295654494	0.3489266237626321	0.6510733762373678	337,508	629,767	0.694871108	0.109188726	0.130042855	0.047445070	0.000468586	0.005330808	0.011707917	0.000944929	1,343,518	211,114	251,435	91,734	906	10,307	22,637	1,827
Texas	7	1,923,461	2,3,	R+10	105710	53837	1.0	1.0	0.0	0.0	3.0	384,692	0.293620352555767	1.240984926065374E13	1.0196118601093635E7	1.7133143337854534E7	0.4018233118669443	0.5981766881330557	216,326	322,035	0.398616380	0.042053057	0.533678213	0.013693562	0.000672623	0.003796084	0.006614006	0.000876075	550,553	58,082	737,095	18,913	929	5,243	9,135	1,210
Texas	8	2,160,818	2,3,	R+6	77874	67548	2.0	0.0	0.0	1.0	2.0	432,164	0.42666966030481185	1.4015904779186262E12	4388701.110263972	2714995.913456931	0.4423565186366254	0.5576434813633746	298,799	376,672	0.487993110	0.155262421	0.308127864	0.035854603	0.000370384	0.002971999	0.008231966	0.001187652	765,486	243,551	483,342	56,243	581	4,662	12,913	1,863
Texas	9	2,483,680	3,2,	D+7	76464	56454	2.0	1.0	0.0	0.0	2.0	496,736	0.5140568903461782	6.854259350504689E12	6201154.782546498	8990901.482407149	0.5677223015414702	0.4322776984585298	320,494	244,032	0.213374261	0.016457978	0.754939591	0.009526761	0.000246665	0.001577833	0.003175001	0.000701910	364,181	28,090	1,288,509	16,260	421	2,693	5,419	1,198
Texas	10	2,132,534	2,1,	D+3	44858	113723	1.0	0.0	1.0	0.0	1.0	710,845	0.2956939403313565	1.423699490642817E11	2459760.84785595	0.0	0.5328697257925051	0.4671302742074949	363,593	318,737	0.439795036	0.164289527	0.315943010	0.063331922	0.000993975	0.003381164	0.010857554	0.001407813	692,894	258,837	497,766	99,779	1,566	5,327	17,106	2,218
Texas	11	1,974,058	1,2,	R+9	121608	116231	1.0	0.0	0.0	0.0	2.0	658,019	0.11108598762076939	4.92488526053879E12	2.1024331245894987E7	3438670.209860388	0.41281189819654335	0.5871881018034566	287,888	409,495	0.659973317	0.100488639	0.183051433	0.036876434	0.001759129	0.004034369	0.012647778	0.001168900	970,566	147,780	269,198	54,231	2,587	5,933	18,600	1,719
Utah	1	1,381,955	1,2,	R+20	130252	79675	0.0	1.0	0.0	0.0	2.0	460,652	1.0027577300512354	1.4935506618942516E13	3710497.537572756	1.3293963766035363E7	0.3029012398621864	0.6970987601378136	144,798	333,239	0.872264860	0.004374080	0.077938832	0.015868505	0.005015340	0.012962461	0.010568995	0.001006928	813,421	4,079	72,681	14,798	4,677	12,088	9,856	939
Utah	2	1,381,930	1,2,	R+9	79954	74261	1.0	0.0	0.0	0.0	2.0	460,643	0.7172697216668055	2.8227418199555376E12	3710497.5375727564	4429110.368093172	0.4102782783951019	0.5897217216048981	182,804	262,757	0.781143558	0.012837401	0.147672805	0.028074005	0.010456942	0.006612386	0.011800246	0.001402659	750,147	12,328	141,813	26,960	10,042	6,350	11,332	1,347
Vermont	1	625,741	1,0,	D+19	120302	159140	1.0	0.0	0.0	0.0	0.0	625,741	0.6507697661285501	2.0182099807124412E12	0.0	8323637.524276005	0.6889876838004273	0.3110123161995727	219,291	98,989	0.951765128	0.007734014	0.012745011	0.011834653	0.000235646	0.003260773	0.011725894	0.000698881	472,559	3,840	6,328	5,876	117	1,619	5,822	347
Virginia	1	2,666,529	2,3,	R+1	31240	108499	2.0	0.0	1.0	0.0	2.0	533,306	0.29966083128077153	5.525125388893094E12	5508403.085079171	1.2950962217720581E7	0.4856045782206398	0.5143954217793603	526,863	558,100	0.757815584	0.182859526	0.030510675	0.016117092	0.000292788	0.002209433	0.009427578	0.000767322	1,596,966	385,345	64,296	33,964	617	4,656	19,867	1,617
Virginia	2	2,667,285	3,2,	D+8	184420	109293	3.0	0.0	0.0	0.0	2.0	533,457	0.5097803955174551	1.1329913963021536E12	2642083.2136758314	3523591.8250050647	0.5843701791018009	0.4156298208981991	638,657	454,241	0.624740018	0.104250746	0.133283166	0.114721210	0.000716180	0.001964892	0.018473367	0.001850422	1,255,272	209,468	267,802	230,506	1,439	3,948	37,118	3,718
Virginia	3	2,667,210	3,2,	D+3	71012	110392	2.0	0.0	1.0	0.0	2.0	533,442	0.35908297114252136	2.2405884037100107E12	5540292.190889799	4419610.506060982	0.5321624924470889	0.46783750755291115	587,443	516,436	0.630874436	0.266011342	0.046662117	0.034307556	0.000936601	0.003727198	0.016250662	0.001230089	1,281,147	540,202	94,759	69,670	1,902	7,569	33,001	2,498
Washington	1	2,255,108	3,2,	D+2	28038	87148	2.0	0.0	1.0	0.0	2.0	451,022	0.28961188595262877	5.202622610146769E12	1.0515984767978417E7	6011716.900187519	0.5160860200741045	0.4839139799258954	449,754	421,717	0.762574168	0.030734854	0.121622611	0.039427328	0.006246121	0.013061218	0.025067911	0.001265789	1,270,566	51,209	202,642	65,692	10,407	21,762	41,767	2,109
Washington	2	2,298,475	4,1,	D+20	207290	212619	3.0	0.0	1.0	0.0	1.0	459,695	0.27678361377412286	3.205405496109129E11	3814839.1677642968	0.0	0.6974928486029731	0.30250715139702694	741,490	321,589	0.695487094	0.052351596	0.071207507	0.136693744	0.006541045	0.007005695	0.028819874	0.001893446	1,257,312	94,642	128,730	247,117	11,825	12,665	52,101	3,423
Washington	3	2,170,957	2,1,	D+4	70900	153635	1.0	0.0	1.0	0.0	1.0	723,652	0.28674668770823497	9.473404687164367E12	1.1500229666205693E7	1.1833724882227523E7	0.538456281188978	0.4615437188110219	496,349	425,451	0.831782806	0.013375133	0.074875226	0.036642330	0.002641957	0.018060564	0.021378886	0.001243098	1,388,426	22,326	124,983	61,164	4,410	30,147	35,686	2,075
West Virginia	1	1,852,994	1,2,	R+6	24712	31887	1.0	0.0	0.0	1.0	1.0	617,665	0.3385566589623201	5.054526206101846E12	0.0	1.826283581578798E7	0.435421229529191	0.564578770470809	83,300	108,009	0.939426546	0.032832142	0.010073855	0.006703849	0.000208109	0.001980109	0.008387828	0.000387561	1,376,801	48,118	14,764	9,825	305	2,902	12,293	568
Wisconsin	1	2,968,276	3,2,	D+7	188830	145213	2.0	1.0	0.0	0.0	2.0	593,655	0.5303452167733717	8.979000287200846E12	4931565.949610568	1.287273042340849E7	0.565018221684769	0.434981778315231	820,472	631,644	0.923377223	0.012670829	0.027204267	0.017331952	0.000274596	0.011514635	0.007268690	0.000357807	2,108,398	28,932	62,117	39,575	627	26,292	16,597	817
Wisconsin	2	2,718,710	3,2,	D+8	222794	136665	3.0	0.0	0.0	0.0	2.0	543,742	0.5513511859020231	1.7126832922678022E12	3881601.6708532865	3154973.0603923462	0.581511610124037	0.41848838987596304	794,699	571,910	0.797075681	0.099602788	0.066713046	0.022786741	0.000277598	0.003937235	0.008979046	0.000627865	1,645,275	205,594	137,705	47,035	573	8,127	18,534	1,296
Wyoming	1	563,626	0,1,	R+17	78262	114286	0.0	0.0	0.0	0.0	1.0	563,626	1.3746117856988278	2.0479444078871938E13	0.0	1.8243691458350874E7	0.3288023029942425	0.6711976970057575	75,155	153,417	0.879282805	0.007624514	0.074890711	0.008156946	0.000616500	0.018130698	0.010653303	0.000644522	376,530	3,265	32,070	3,493	264	7,764	4,562	276