State	District	Population	Winner	PVI	Vote gap	Wasted votes	FV Safe D	FV Lean D	FV Tossup	FV Lean R	FV Safe R	Pop per seats	Compactness	Area	Paired edge length	Unpaired edge length	PRES12_DEM vote %	PRES12_REP vote %	PRES12_DEM votes	PRES12_REP votes	VAP_WHITE %	VAP_BLACK %	VAP_HISPAN %	VAP_ASIAN %	VAP_HAWAII %	VAP_INDIAN %	VAP_MULTI %	VAP_OTHER %	VAP_WHITE pop	VAP_BLACK pop	VAP_HISPAN pop	VAP_ASIAN pop	VAP_HAWAII pop	VAP_INDIAN pop	VAP_MULTI pop	VAP_OTHER pop
Alabama	1	1,593,769	1,2,	R+9	123696	117003	1.0	0.0	0.0	0.0	2.0	531,256	0.43492118531072255	3.9566049612952266E12	6581862.575744193	5480250.395785623	0.41190003062612623	0.5880999693738738	289,160	412,855	0.654644644	0.286608265	0.031218293	0.013920020	0.000303812	0.005192041	0.007480535	0.000632390	792,956	347,162	37,814	16,861	368	6,289	9,061	766
Alabama	2	1,592,828	1,2,	R+11	145616	108948	1.0	0.0	0.0	0.0	2.0	530,943	0.3955527323119817	4.1568212241036587E12	7101842.208587805	5853113.069089993	0.3886194731962832	0.6113805268037168	254,032	399,646	0.677361778	0.272810641	0.025472388	0.010711790	0.000438840	0.004286685	0.008465095	0.000452784	825,788	332,590	31,054	13,059	535	5,226	10,320	552
Alabama	3	1,593,139	1,2,	R+13	173600	108023	1.0	0.0	0.0	0.0	2.0	531,046	0.5906042036336719	2.901225482881492E12	4296368.150390356	4747283.685168187	0.366077641471735	0.6339223585282651	237,267	410,866	0.749474063	0.182866619	0.040651636	0.008471693	0.000419928	0.006602974	0.011084942	0.000428146	912,017	222,526	49,468	10,309	511	8,035	13,489	521
Alaska	1	667,047	0,1,	R+12	72662	146980	0.0	0.0	0.0	0.0	1.0	667,047	0.2264219287995333	1.5083765280721478E14	0.0	1.2199423518190756E8	0.3764083548782147	0.6235916451217853	110,649	183,311	0.682767432	0.030848059	0.046737802	0.053328565	0.008598975	0.132700778	0.043645155	0.001373235	356,987	16,129	24,437	27,883	4,496	69,383	22,820	718
Arizona	1	2,455,782	2,3,	R+7	124880	86383	2.0	0.0	0.0	1.0	2.0	491,156	0.5257780680538517	1.1023691921356676E13	8106961.865939301	1.0833144906955346E7	0.42771708490532184	0.5722829150946782	369,471	494,350	0.660660208	0.031160645	0.245281155	0.024193013	0.001333387	0.023985597	0.012308861	0.001077135	1,204,005	56,788	447,007	44,090	2,430	43,712	22,432	1,963
Arizona	2	2,458,655	2,3,	R+2	34906	88850	2.0	0.0	1.0	0.0	2.0	491,731	0.29745767693211755	2.9027973642234116E12	9193506.87987694	2507194.3520977665	0.4803578724395677	0.5196421275604324	426,785	461,688	0.583067633	0.047006901	0.295351341	0.036715211	0.001805818	0.021102056	0.013584268	0.001366771	1,069,065	86,188	541,532	67,318	3,311	38,691	24,907	2,506
Arizona	3	1,477,580	1,2,	R+5	48634	84063	1.0	0.0	0.0	1.0	1.0	492,527	0.39473134269232424	1.0004362483580352E13	1.1661357990158897E7	8246624.7548162155	0.4517881430197193	0.5482118569802806	227,872	276,506	0.672796728	0.026442156	0.183065386	0.018886996	0.002221203	0.083829393	0.011772644	0.000985495	744,825	29,273	202,664	20,909	2,459	92,804	13,033	1,091
Arkansas	1	2,915,918	2,3,	R+12	162420	103938	1.0	1.0	0.0	0.0	3.0	583,184	0.33550710818491253	5.793552034463347E12	7651719.064127145	9438783.26255198	0.37813378848653545	0.6218662115134646	393,016	646,341	0.775210337	0.142388349	0.050395497	0.012152730	0.001438459	0.006748190	0.011198294	0.000468145	1,708,907	313,887	111,094	26,790	3,171	14,876	24,686	1,032
California	1	2,544,236	3,2,	D+13	127622	88633	3.0	0.0	1.0	0.0	1.0	508,847	0.32156379547021463	1.2764596036547227E12	4712287.719652635	3133972.7511554905	0.6280045852927637	0.3719954147072363	556,608	329,704	0.577768296	0.031573130	0.275556999	0.087903814	0.001803008	0.002973939	0.020448263	0.001972552	1,127,973	61,640	537,968	171,614	3,520	5,806	39,921	3,851
California	2	2,652,932	4,1,	D+30	209878	106111	4.0	0.0	1.0	0.0	0.0	530,586	0.22740326701405497	2.374649614634322E11	3566910.530540386	74096.56854245778	0.7988960283786866	0.2011039716213134	847,691	213,387	0.412915312	0.101835649	0.186541318	0.258501513	0.006527823	0.002601011	0.028304255	0.002773119	873,294	215,377	394,525	546,717	13,806	5,501	59,862	5,865
California	3	2,550,874	4,1,	D+18	138852	163691	3.0	0.0	1.0	0.0	1.0	510,175	0.337288386642387	7.073602556082147E10	1623396.3502723468	0.0	0.684825040595176	0.31517495940482404	560,493	257,954	0.169606175	0.035429762	0.591114916	0.188985030	0.002205571	0.002031122	0.009249011	0.001378415	315,978	66,006	1,101,253	352,081	4,109	3,784	17,231	2,568
California	4	2,640,798	3,2,	D+14	125920	106927	3.0	0.0	1.0	0.0	1.0	528,160	0.34414597847817047	9.50772814641149E12	1.049797720403279E7	1.0846077895152701E7	0.6411184921174531	0.3588815078825469	685,523	383,738	0.651613021	0.048235958	0.188002555	0.068686092	0.003690712	0.011749791	0.025545825	0.002476047	1,325,044	98,087	382,300	139,672	7,505	23,893	51,947	5,035
California	5	2,636,263	3,2,	D+7	107632	79257	2.0	1.0	0.0	0.0	2.0	527,253	0.2500686640440065	4.482251363412182E12	1.3214153473596005E7	2391822.000454297	0.5679007049424198	0.43209929505758016	450,088	342,459	0.448692888	0.039461464	0.408726816	0.073258591	0.003470689	0.005225503	0.018684685	0.002479364	852,735	74,996	776,780	139,227	6,596	9,931	35,510	4,712
California	6	2,543,408	4,1,	D+21	23636	80324	3.0	1.0	0.0	0.0	1.0	508,682	0.34025780659056176	8.905704345621909E10	1813572.9083898813	0.0	0.7147122060777037	0.2852877939222963	574,079	229,152	0.408294364	0.038331506	0.371709917	0.156802178	0.000873280	0.001808937	0.019939729	0.002240088	818,197	76,814	744,884	314,222	1,750	3,625	39,958	4,489
California	7	2,559,152	3,2,	D+6	87868	73572	2.0	1.0	0.0	0.0	2.0	511,830	0.35262336092811725	5.814555485411438E12	1.21772000968476E7	2956888.9713497465	0.5597157035846956	0.44028429641530437	411,789	323,922	0.459492104	0.080944937	0.380207601	0.050930788	0.002449731	0.006053472	0.018071435	0.001849931	836,555	147,369	692,209	92,725	4,460	11,021	32,901	3,368
California	8	2,559,122	3,2,	D+3	53880	77042	2.0	0.0	1.0	0.0	2.0	511,824	0.35095973050927914	2.0658513727123917E11	2719730.205463354	0.0	0.5349672769942082	0.46503272300579174	412,142	358,264	0.357653164	0.066562596	0.431769062	0.120700753	0.002475762	0.002921161	0.016102233	0.001815269	658,457	122,545	794,908	222,216	4,558	5,378	29,645	3,342
California	9	2,646,419	4,1,	D+24	85164	98542	3.0	1.0	0.0	0.0	1.0	529,284	0.3765032190665692	3.5116604985335376E11	2569013.076351806	1139384.3658263464	0.7432104804344318	0.25678951956556817	732,344	253,035	0.424868971	0.025498574	0.221508318	0.297031809	0.004991733	0.002219309	0.021672737	0.002208549	868,764	52,139	452,936	607,365	10,207	4,538	44,316	4,516
California	10	2,556,588	3,2,	D+1	13588	93732	2.0	0.0	1.0	0.0	2.0	511,318	0.25088024294297595	3.4459389028607153E11	2947681.1581069175	1609177.5588514274	0.5072464386613292	0.4927535613386707	475,436	461,852	0.612243241	0.023729236	0.220216006	0.113900534	0.003276251	0.002932232	0.021763485	0.001939016	1,213,741	47,042	436,567	225,802	6,495	5,813	43,145	3,844
California	11	2,559,083	3,2,	D+4	66950	88331	2.0	0.0	1.0	0.0	2.0	511,817	0.42984035217009864	2.0803436212781047E12	5223801.152569622	3433118.5869511776	0.5378968759375301	0.46210312406246995	475,127	408,178	0.490125797	0.051425972	0.325071841	0.101663786	0.003597418	0.005743631	0.020624358	0.001747198	937,221	98,337	621,604	194,402	6,879	10,983	39,438	3,341
California	12	2,541,972	4,1,	D+21	23616	80277	3.0	1.0	0.0	0.0	1.0	508,394	0.2801357830487128	4.368173433396736E10	1399814.7815707885	0.0	0.7147090698456594	0.2852909301543406	573,747	229,023	0.164611149	0.193992908	0.483451407	0.133645905	0.003466322	0.001851103	0.015743892	0.003237314	311,241	366,795	914,093	252,693	6,554	3,500	29,768	6,121
California	13	1,577,221	2,1,	D+3	34734	96119	1.0	0.0	1.0	0.0	1.0	525,740	0.3374109430178268	2.9010110271031963E12	8451010.556072047	2591205.5366913453	0.5301131073036834	0.4698868926963165	305,721	270,988	0.599268934	0.057517201	0.188960175	0.113489584	0.005650150	0.006966987	0.026124075	0.002022893	704,467	67,614	222,131	133,412	6,642	8,190	30,710	2,378
California	14	1,568,744	1,2,	R+3	24370	67154	1.0	0.0	1.0	0.0	1.0	522,915	0.40791813575533237	4.635320002552376E12	1.0148571872794423E7	2401551.247650711	0.46976029624187793	0.5302397037581221	189,273	213,641	0.418507001	0.038277617	0.447379699	0.068429647	0.001100226	0.009502696	0.015258777	0.001544337	457,981	41,888	489,577	74,884	1,204	10,399	16,698	1,690
California	15	1,576,768	2,1,	D+2	28168	101588	1.0	0.0	1.0	0.0	1.0	525,589	0.15543900727238882	2.2902086632994326E12	1.0286677163658835E7	4427099.90736544	0.5231044354937943	0.47689556450620574	318,840	290,675	0.631124763	0.053470120	0.175569709	0.096169257	0.005345339	0.008301588	0.028207329	0.001811894	754,468	63,920	209,882	114,964	6,390	9,924	33,720	2,166
California	16	1,540,376	2,1,	D+1	11320	90958	1.0	0.0	1.0	0.0	1.0	513,459	0.6067502698912766	8.856733451829372E10	1354368.143944937	0.0	0.510369444678582	0.48963055532141797	278,528	267,210	0.312051595	0.035029962	0.428618182	0.200322688	0.005049396	0.002411783	0.014983226	0.001533167	353,742	39,710	485,882	227,086	5,724	2,734	16,985	1,738
Colorado	1	2,514,601	3,2,	D+8	215184	126792	3.0	0.0	0.0	0.0	2.0	502,920	0.6413564974500289	4.066259059444133E12	5439903.446180264	4648014.246426443	0.5848578610419448	0.41514213895805513	741,529	526,350	0.715538764	0.041700877	0.191107434	0.030585431	0.000909641	0.005108669	0.013758385	0.001290799	1,364,780	79,538	364,508	58,337	1,735	9,744	26,242	2,462
Colorado	2	2,514,595	2,3,	R+3	77320	123725	2.0	0.0	1.0	0.0	2.0	502,919	0.8559340081163752	1.7729843717320367E13	5439903.446180261	1.4258557252773726E7	0.4687537381712139	0.5312462618287861	579,959	657,277	0.762420494	0.031258158	0.158183480	0.023732215	0.001249314	0.007489554	0.014407451	0.001259334	1,445,733	59,273	299,954	45,002	2,369	14,202	27,320	2,388
Connecticut	1	1,841,517	2,2,	D+9	60598	98509	2.0	0.0	1.0	0.0	1.0	460,379	0.5787272364691286	4.295547281887367E11	1828535.2944906813	1634029.7338561001	0.5865537133242138	0.4134462866757862	462,236	325,818	0.712038610	0.099930720	0.133094560	0.038838727	0.000257853	0.001278638	0.010562757	0.003998136	1,005,155	141,068	187,884	54,827	364	1,805	14,911	5,644
Connecticut	2	1,732,580	2,1,	D+9	132390	124978	2.0	0.0	0.0	0.0	1.0	577,527	0.5289885101402545	7.314363320251351E11	1828535.2944906808	3119828.4336587638	0.5882753801386396	0.41172461986136044	441,123	308,735	0.774025883	0.078003663	0.097413901	0.033936514	0.000271290	0.002407420	0.011809660	0.002131670	1,041,393	104,948	131,063	45,659	365	3,239	15,889	2,868
Delaware	1	897,934	1,1,	D+9	126732	101910	1.0	0.0	0.0	1.0	0.0	448,967	0.8135230378925188	5.1979433470856586E11	0.0	3778109.2446150845	0.5945539514516663	0.40544604854833366	242,361	165,274	0.690056908	0.195015957	0.066654242	0.031303049	0.000255718	0.003247762	0.012268680	0.001197684	477,636	134,984	46,136	21,667	177	2,248	8,492	829
Florida	1	2,994,959	2,3,	R+4	56978	72048	2.0	0.0	1.0	0.0	2.0	598,992	0.25823291083952515	1.3314377872199011E12	6825097.316113126	1632306.3714170358	0.4604587056638657	0.5395412943361343	331,743	388,719	0.659151242	0.119213439	0.172810890	0.030882183	0.000645829	0.002619408	0.012107280	0.002569729	1,552,375	280,761	406,989	72,731	1,521	6,169	28,514	6,052
Florida	2	2,761,209	3,2,	D+1	12516	64024	2.0	0.0	1.0	0.0	2.0	552,242	0.27892609140105684	2.488651328628367E12	5380357.632829784	6944448.18609472	0.5097738160132828	0.4902261839867173	326,373	313,858	0.378736072	0.087355946	0.506333354	0.017449787	0.000260348	0.001408287	0.006895047	0.001561160	817,559	188,571	1,092,997	37,668	562	3,040	14,884	3,370
Florida	3	2,568,060	2,3,	R+7	97078	74238	2.0	0.0	0.0	1.0	2.0	513,612	0.29674801113767507	5.09628670552423E12	5472904.995937715	1.2290188563083215E7	0.4346166850541454	0.5653833149458546	322,639	419,714	0.749664752	0.150183760	0.059238454	0.021119399	0.000708810	0.004733752	0.013276314	0.001074759	1,526,172	305,745	120,598	42,995	1,443	9,637	27,028	2,188
Florida	4	2,874,694	2,3,	R+2	25850	62517	2.0	0.0	1.0	0.0	2.0	574,939	0.4243052813040524	1.0200552011930322E12	4072737.0718078674	1898204.0697633012	0.47932776442961395	0.5206722355703861	299,646	325,492	0.763755028	0.084004480	0.115341873	0.022878077	0.000526494	0.002275282	0.009928230	0.001290536	1,768,335	194,497	267,053	52,970	1,219	5,268	22,987	2,988
Florida	5	2,369,629	3,2,	D+14	117000	99833	3.0	0.0	1.0	0.0	1.0	473,926	0.2788847086145577	1.5284854934455505E11	2452004.130533276	229806.4705889452	0.6414021415764326	0.35859785842356734	640,331	357,999	0.574261990	0.206511194	0.174268622	0.026471982	0.000448170	0.001841348	0.012370135	0.003826559	1,073,770	386,140	325,852	49,498	838	3,443	23,130	7,155
Florida	6	1,677,367	2,3,	R+5	43824	44515	2.0	0.0	0.0	1.0	2.0	335,473	0.254899926815595	1.8641387164371682E12	8093544.338250544	1990581.4501693544	0.45077671320580937	0.5492232867941906	200,661	244,484	0.733210750	0.105780416	0.130586222	0.015964816	0.000433794	0.002680816	0.009737847	0.001605338	976,952	140,945	173,997	21,272	578	3,572	12,975	2,139
Florida	7	1,739,399	3,2,	D+13	64834	43796	3.0	0.0	0.0	1.0	1.0	347,880	0.2235912603904008	1.1685254695400658E11	2079213.0650324342	644640.1396430815	0.6259784802842502	0.37402151971574976	274,131	163,793	0.330979495	0.241033372	0.391030720	0.020915014	0.000407976	0.001457372	0.011725988	0.002450063	449,445	327,305	530,990	28,401	554	1,979	15,923	3,327
Florida	8	1,815,993	1,2,	R+0	3046	69341	1.0	0.0	1.0	0.0	1.0	605,331	0.25119211845710104	6.299468445514402E11	5613760.496865534	0.0	0.4963416803272778	0.5036583196727222	206,497	209,541	0.650458137	0.152777020	0.146057972	0.031863992	0.000597459	0.002889052	0.012821716	0.002534652	893,829	209,939	200,706	43,786	821	3,970	17,619	3,483
Georgia	1	2,295,331	1,4,	R+22	31716	86827	1.0	0.0	0.0	1.0	3.0	459,066	0.47989741713781375	1.7852100794725396E12	3891934.7368150796	3926959.622529231	0.2817384173463958	0.7182615826536042	244,616	623,622	0.735749406	0.093688536	0.104071581	0.052345303	0.000370095	0.002253559	0.010192299	0.001329222	1,226,598	156,192	173,502	87,267	617	3,757	16,992	2,216
Georgia	2	2,112,343	3,2,	D+4	73620	83644	2.0	1.0	0.0	0.0	2.0	422,469	0.40239010720248375	1.4296008371969954E12	5200505.325126394	1974961.2901349615	0.5440072309207946	0.4559927690792054	455,012	381,396	0.485269427	0.422640629	0.058700775	0.018860893	0.000435216	0.002337659	0.010606768	0.001148632	744,825	648,698	90,098	28,949	668	3,588	16,280	1,763
Georgia	3	1,768,545	1,2,	R+2	31812	118533	1.0	0.0	1.0	0.0	1.0	589,515	0.30213907016037644	3.255000248208478E12	7459209.288132449	5568100.066764569	0.47763607474795766	0.5223639252520423	339,690	371,500	0.591793429	0.332669070	0.042849127	0.017955395	0.000806731	0.002329304	0.010549846	0.001047098	787,854	442,882	57,045	23,904	1,074	3,101	14,045	1,394
Georgia	4	1,804,970	1,2,	R+5	70038	111706	1.0	0.0	0.0	1.0	1.0	601,657	0.5902242016990985	5.849915227957026E12	5391179.245222699	7692001.429230402	0.44775123986178	0.55224876013822	300,099	370,137	0.582770398	0.346805240	0.047716461	0.010435243	0.000592212	0.002600843	0.008402894	0.000676708	786,261	467,902	64,378	14,079	799	3,509	11,337	913
Georgia	5	1,706,464	2,1,	D+7	102996	127914	1.0	1.0	0.0	0.0	1.0	568,821	0.3582476579972145	1.402375892499085E11	2217917.9244936565	0.0	0.5670995558184654	0.4329004441815346	435,237	332,242	0.530578998	0.271976395	0.117217843	0.060874047	0.000411841	0.001803422	0.014228685	0.002908769	696,976	357,272	153,979	79,965	541	2,369	18,691	3,821
Hawaii	1	185,079	3,0,	D+26	11858	20660	2.0	0.0	1.0	0.0	0.0	61,693	0.5173926822463366	4.925152472611093E12	0.0	1.4582882199808676E7	0.7623188873471232	0.23768111265287684	47,247	14,731	0.255120054	0.014824659	0.071533569	0.411339321	0.085845205	0.002198805	0.157848257	0.001290130	269,530	15,662	75,574	434,573	90,694	2,323	166,764	1,363
Idaho	1	1,567,582	1,2,	R+16	208146	105465	1.0	0.0	0.0	0.0	2.0	522,527	0.551642918019351	1.7149255072304904E13	0.0	2.635343769005981E7	0.3355321068875765	0.6644678931124235	212,317	420,460	0.866508858	0.004969653	0.090281157	0.012484739	0.001330687	0.011053043	0.012558519	0.000813344	986,529	5,658	102,786	14,214	1,515	12,584	14,298	926
Illinois	1	3,085,126	3,2,	D+1	27374	123363	2.0	0.0	1.0	0.0	2.0	617,025	0.5136701929059404	4.3847290806381035E12	6396381.604858694	5280829.4704493275	0.5110932409416751	0.4889067590583249	630,479	603,110	0.804220861	0.051310276	0.103747676	0.029723412	0.000228103	0.001578146	0.008578498	0.000613028	1,861,563	118,770	240,149	68,802	528	3,653	19,857	1,419
Illinois	2	2,683,885	2,3,	R+4	85110	110519	2.0	0.0	1.0	0.0	2.0	536,777	0.5105410177833111	6.422201737086779E12	4080929.670486885	1.1322477437835418E7	0.4614955862073958	0.5385044137926043	510,032	595,140	0.832368492	0.083945051	0.046246539	0.025348477	0.000317715	0.001963009	0.009169519	0.000641198	1,731,726	174,646	96,215	52,737	661	4,084	19,077	1,334
Illinois	3	3,094,061	4,1,	D+25	111312	116726	4.0	0.0	0.0	0.0	1.0	618,812	0.22224999018488178	1.042209779683152E11	2427513.3603893104	0.0	0.7476802054766941	0.2523197945233059	872,720	294,517	0.421041505	0.271031476	0.235716027	0.060192759	0.000212264	0.001279207	0.009404484	0.001122278	973,933	626,937	545,247	139,235	491	2,959	21,754	2,596
Illinois	4	1,963,335	3,2,	D+15	82030	79610	3.0	0.0	1.0	0.0	1.0	392,667	0.3478363572673175	5.0039511250047784E11	2631908.6343590817	2159870.124849197	0.648480394927741	0.351519605072259	516,252	279,843	0.623091142	0.129645807	0.154569828	0.078238296	0.000285612	0.001325482	0.011292409	0.001551424	929,361	193,371	230,546	116,695	426	1,977	16,843	2,314
Illinois	5	2,004,225	2,1,	D+8	134058	134745	2.0	0.0	0.0	0.0	1.0	668,075	0.4628655818105003	7.32931076859828E11	3704539.149295952	1008297.1842626733	0.5829080402047344	0.4170919597952656	471,259	337,203	0.675271570	0.135518236	0.128027960	0.049241882	0.000197130	0.001180782	0.009584782	0.000977658	1,013,952	203,487	192,240	73,939	296	1,773	14,392	1,468
Indiana	1	1,620,971	1,2,	R+9	103438	97085	1.0	0.0	0.0	0.0	2.0	540,324	0.269154252904408	1.809487764124085E12	7849704.081035276	1788941.086374701	0.41121413500842063	0.5887858649915794	239,531	342,966	0.842628560	0.077115194	0.048286283	0.019209284	0.000283885	0.002466721	0.009279964	0.000730109	1,012,157	92,630	58,001	23,074	341	2,963	11,147	877
Indiana	2	1,620,749	1,2,	R+4	41462	94226	1.0	0.0	1.0	0.0	1.0	540,250	0.4418351423495666	1.5741685331509863E12	4659288.156132254	2709141.9724695645	0.46333175909564467	0.5366682409043554	261,946	303,407	0.839881508	0.100579202	0.033883272	0.013320903	0.000345891	0.002086049	0.009179276	0.000723899	1,019,832	122,129	41,143	16,175	420	2,533	11,146	879
Indiana	3	1,621,011	1,2,	R+6	64518	91331	1.0	0.0	0.0	1.0	1.0	540,337	0.3657869476842902	2.7202403428501436E12	3736908.098736711	7906870.810598634	0.4411324583558404	0.5588675416441596	241,730	306,246	0.900970712	0.048850042	0.025465041	0.013045770	0.000267124	0.002262133	0.008536745	0.000602433	1,123,160	60,897	31,745	16,263	333	2,820	10,642	751
Indiana	4	1,621,071	2,1,	D+2	26802	95387	1.0	0.0	1.0	0.0	1.0	540,357	0.5025930449057435	1.5597102073966748E12	4069265.4163130987	2900715.0421758182	0.5234151404279409	0.4765848595720591	299,562	272,760	0.776452351	0.108244619	0.086101895	0.017297844	0.000255471	0.002169029	0.008854123	0.000624667	942,183	131,349	104,480	20,990	310	2,632	10,744	758
Iowa	1	1,523,171	1,2,	R+0	4626	117849	1.0	0.0	1.0	0.0	1.0	507,724	0.6821326015322724	6.770441232166006E12	4252508.175010222	9220779.538288802	0.49673024214876266	0.5032697578512373	351,231	355,855	0.903248083	0.021284884	0.045594105	0.019063913	0.000432048	0.002758862	0.007134869	0.000483235	1,041,128	24,534	52,554	21,974	498	3,180	8,224	557
Iowa	2	1,523,184	2,1,	D+8	108078	119831	1.0	1.0	0.0	0.0	1.0	507,728	0.6316056729801016	5.025491084696755E12	4252508.175010222	7662437.483828533	0.5751598442796124	0.4248401557203876	413,529	305,452	0.915188387	0.027905668	0.030696235	0.015093767	0.000585908	0.002451718	0.007649396	0.000428922	1,066,847	32,530	35,783	17,595	683	2,858	8,917	500
Kansas	1	2,853,118	2,3,	R+11	200622	112627	1.0	1.0	0.0	0.0	3.0	570,624	1.1803500655825498	1.726877043624987E13	0.0	1.807877344765701E7	0.38906474053619705	0.6109352594638029	438,190	688,075	0.814691049	0.054628514	0.083690978	0.023472624	0.000653285	0.007993683	0.014114052	0.000755816	1,732,179	116,150	177,942	49,907	1,389	16,996	30,009	1,607
Kentucky	1	2,263,127	2,3,	R+16	74400	89663	1.0	0.0	1.0	0.0	3.0	452,625	0.6303429349655543	4.540880225712361E12	2635454.0688435254	9172077.019807281	0.3414886865665316	0.6585113134334684	306,175	590,414	0.915384846	0.041633178	0.023013871	0.009357288	0.000258096	0.001931391	0.007962298	0.000459030	1,585,366	72,105	39,858	16,206	447	3,345	13,790	795
Kentucky	2	2,076,240	1,2,	R+7	123578	144809	1.0	0.0	0.0	1.0	1.0	692,080	0.4506690091109166	3.8860602169764746E12	2635454.0688435254	1.0365425841878619E7	0.4288846508426666	0.5711153491573334	372,636	496,213	0.840201576	0.106596616	0.027138902	0.013026093	0.000620620	0.002287592	0.009519334	0.000609268	1,332,148	169,010	43,029	20,653	984	3,627	15,093	966
Louisiana	1	2,270,010	2,3,	R+11	181816	98706	1.0	1.0	0.0	0.0	3.0	454,002	0.24762187870389185	3.876641542470966E12	8618564.418665979	7210104.140012882	0.3921013785759949	0.6078986214240051	387,017	600,016	0.641883822	0.297692265	0.029482208	0.013211924	0.000329886	0.007559163	0.008756399	0.001084333	1,091,578	506,251	50,137	22,468	561	12,855	14,891	1,844
Louisiana	2	2,263,362	1,2,	R+7	130106	161785	1.0	0.0	0.0	1.0	1.0	754,454	0.34762422394101716	1.6201081950357817E12	4505081.3486994775	4196994.894657092	0.43298441239220486	0.5670155876077951	420,301	550,406	0.615873714	0.299358165	0.051291950	0.018177344	0.000344652	0.004138743	0.009251376	0.001564056	1,056,083	513,331	87,954	31,170	591	7,097	15,864	2,682
Maine	1	1,328,361	1,1,	D+8	231972	170280	1.0	0.0	0.0	0.0	1.0	664,180	0.6348582259758725	7.419277729879874E12	0.0	1.6157944322935505E7	0.5797130599984144	0.4202869400015856	394,853	286,265	0.955585731	0.008572556	0.009987398	0.009284248	0.000222048	0.005768494	0.010007326	0.000572200	1,007,023	9,034	10,525	9,784	234	6,079	10,546	603
Maryland	1	2,066,822	3,2,	D+9	174188	95473	3.0	0.0	0.0	1.0	1.0	413,364	0.20101649531277802	7.749761626063713E11	1743911.9379454206	6955297.27306461	0.5912247054843234	0.4087752945156766	564,444	390,259	0.645011096	0.160746960	0.092369800	0.083401724	0.000407812	0.001701431	0.014437820	0.001923357	1,020,156	254,239	146,093	131,909	645	2,691	22,835	3,042
Maryland	2	1,855,176	2,1,	D+6	108070	144285	1.0	1.0	0.0	0.0	1.0	618,392	0.6119688175976336	1.6756540019765562E12	1532008.7645988849	5778482.104688963	0.5624166143972499	0.4375833856027501	486,888	378,819	0.647717743	0.272704531	0.037790030	0.024119886	0.000436199	0.003134430	0.013102874	0.000994308	919,162	386,989	53,627	34,228	619	4,448	18,594	1,411
Maryland	3	1,851,554	3,0,	D+26	147914	275824	2.0	0.0	1.0	0.0	0.0	617,185	0.3202616401755571	1.591803059746042E11	2421099.4646031586	104104.32008164228	0.7560437090318464	0.2439562909681536	625,605	201,867	0.415654624	0.421556448	0.086335657	0.055919431	0.000473977	0.002523417	0.015793366	0.001743080	590,188	598,568	122,588	79,400	673	3,583	22,425	2,475
Massachusetts	1	1,976,283	2,1,	D+8	157250	161972	2.0	0.0	0.0	0.0	1.0	658,761	0.46852219957475616	1.314520215461096E12	1448290.065265995	5985975.229132206	0.5809038028373362	0.4190961971626637	564,538	407,289	0.832200891	0.033944672	0.076295119	0.036934994	0.000209836	0.001759242	0.011309044	0.007346201	1,281,006	52,251	117,441	56,854	323	2,708	17,408	11,308
Massachusetts	2	1,931,484	2,1,	D+10	168732	146977	2.0	0.0	0.0	0.0	1.0	643,828	0.7486377251074813	1.0876761079414901E12	1361748.325677278	3881484.9734063763	0.595667788161146	0.40433221183885404	525,295	356,564	0.803703089	0.039985462	0.091668956	0.044667228	0.000221694	0.001539091	0.012074911	0.006139569	1,196,345	59,520	136,453	66,489	330	2,291	17,974	9,139
Massachusetts	3	1,123,443	3,0,	D+26	92892	161621	2.0	0.0	1.0	0.0	0.0	374,481	0.41718674649906307	5.475714808852263E10	1284281.098635001	0.0	0.7624567142200104	0.23754328577998965	369,684	115,175	0.605708713	0.137008233	0.126117645	0.098121232	0.000262108	0.001478726	0.018835738	0.012467605	554,619	125,452	115,480	89,845	240	1,354	17,247	11,416
Massachusetts	4	1,469,152	2,1,	D+11	158462	118941	2.0	0.0	0.0	0.0	1.0	489,717	-1.0	-1.0	-1.0	-1.0	0.6110225981338008	0.3889774018661992	436,052	277,591	0.796951139	0.047779235	0.077823980	0.053065418	0.000254261	0.001574496	0.013480205	0.009071266	912,105	54,683	89,069	60,733	291	1,802	15,428	10,382
Michigan	1	2,572,956	3,2,	D+14	150430	117047	3.0	0.0	1.0	0.0	1.0	514,591	0.3363244219923627	6.927288135932609E11	3296864.8210555417	2387559.393115127	0.6357394041296726	0.36426059587032744	744,105	426,351	0.650291153	0.275303814	0.037593034	0.018897553	0.000178419	0.003229032	0.013713619	0.000793375	1,264,722	535,426	73,113	36,753	347	6,280	26,671	1,543
Michigan	2	2,569,043	3,2,	D+8	212270	128623	3.0	0.0	0.0	0.0	2.0	513,809	0.49247993868373113	7.670049937231925E11	4423945.373783122	0.0	0.5825168442183862	0.4174831557816137	749,232	536,966	0.781204666	0.120612016	0.030425484	0.050199058	0.000235617	0.002848177	0.013539102	0.000935880	1,541,741	238,033	60,046	99,070	465	5,621	26,720	1,847
Michigan	3	2,413,020	2,3,	R+3	76508	111168	2.0	0.0	1.0	0.0	2.0	482,604	0.8336110618155936	3.463058645801801E12	4647992.734267612	3436348.3888723045	0.46558953198525077	0.5344104680147492	517,574	594,079	0.850327944	0.067512195	0.050283634	0.014842212	0.000254066	0.004500446	0.011596666	0.000682838	1,542,909	122,500	91,239	26,931	461	8,166	21,042	1,239
Michigan	4	2,328,621	1,2,	R+0	4174	184410	1.0	0.0	1.0	0.0	1.0	776,207	0.5495524714401383	1.5523567031212918E13	5121020.381608342	1.8292852690233722E7	0.49811469112928736	0.5018853088707126	551,139	555,311	0.891867822	0.056650654	0.022202518	0.006917081	0.000232470	0.011072200	0.010673681	0.000383575	1,611,326	102,350	40,113	12,497	420	20,004	19,284	693
Minnesota	1	2,657,447	3,2,	D+4	112626	142560	2.0	0.0	1.0	0.0	2.0	531,489	0.3999700175843895	1.3144187578241588E13	4652576.224932092	2.0892043483988393E7	0.5395007463691666	0.46049925363083344	769,095	656,473	0.859292247	0.046486228	0.028156991	0.038546924	0.000289503	0.014142582	0.012397647	0.000687878	1,736,377	93,935	56,897	77,892	585	28,578	25,052	1,390
Minnesota	2	2,646,478	3,2,	D+4	113334	143674	2.0	0.0	1.0	0.0	2.0	529,296	0.6603254642767195	5.136864138275547E12	4652576.224932091	6979547.840135124	0.539441071390041	0.460558928609959	775,022	661,691	0.863497896	0.040393546	0.045988907	0.034075380	0.000383162	0.004717991	0.010006723	0.000936395	1,726,267	80,753	91,939	68,122	766	9,432	20,005	1,872
Mississippi	1	2,967,297	2,3,	R+6	145176	117269	2.0	0.0	0.0	1.0	2.0	593,459	0.4622187485339325	5.731562658917964E12	3331705.716806926	1.2201676085279211E7	0.4381012398086095	0.5618987601913905	513,753	658,928	0.609585566	0.345542111	0.024856878	0.008789000	0.000330961	0.004268129	0.006205516	0.000421839	1,348,246	764,250	54,977	19,439	732	9,440	13,725	933
Missouri	1	2,096,068	2,3,	R+3	58494	92745	2.0	0.0	1.0	0.0	2.0	419,214	0.4638573929363746	6.28476124630272E12	6257973.856593737	9053894.351917379	0.46846621480281814	0.5315337851971819	434,464	492,954	0.816866960	0.132173267	0.023879315	0.012203885	0.000831334	0.003096593	0.010331482	0.000617164	1,289,168	208,594	37,686	19,260	1,312	4,887	16,305	974
Missouri	2	1,925,006	1,2,	R+8	120804	131865	1.0	0.0	0.0	1.0	1.0	641,669	0.6054450600069679	4.546007623321959E12	5973898.279274555	4986341.318188447	0.4236567701816251	0.5763432298183748	335,193	455,997	0.832498783	0.089004800	0.043308886	0.011847165	0.001523606	0.006545233	0.014687729	0.000583799	1,220,658	130,504	63,502	17,371	2,234	9,597	21,536	856
Missouri	3	1,967,853	1,2,	R+2	43730	150967	1.0	0.0	1.0	0.0	1.0	655,951	0.4458615756015326	3.8215987051683315E12	4778490.834002384	7466451.377487469	0.47586206135169806	0.5241379386483019	431,033	474,761	0.842282036	0.099083833	0.020160008	0.024824117	0.000244890	0.002575957	0.010235365	0.000593793	1,279,466	150,513	30,624	37,709	372	3,913	15,548	902
Montana	1	989,415	1,1,	R+7	168672	117378	1.0	0.0	0.0	0.0	1.0	494,708	0.8568842825488256	3.1006708533381477E13	0.0	2.8432196609702956E7	0.42962511741039006	0.57037488258961	201,712	267,795	0.899897108	0.003417109	0.022745909	0.006317147	0.000605861	0.050857085	0.015680575	0.000479205	689,188	2,617	17,420	4,838	464	38,949	12,009	367
Nebraska	1	1,826,341	1,3,	R+11	162408	187567	1.0	0.0	1.0	0.0	2.0	456,585	0.9378405907719913	1.6213575873774137E13	0.0	1.9652534165798683E7	0.39176690902547767	0.6082330909745224	293,929	456,336	0.853587103	0.040216660	0.071845193	0.017128709	0.000501785	0.007049125	0.008906314	0.000765112	1,166,956	54,981	98,221	23,417	686	9,637	12,176	1,046
Nevada	1	2,700,551	3,2,	D+3	69166	98968	2.0	0.0	1.0	0.0	2.0	540,110	1.1388032671912331	2.344911768075124E13	0.0	2.1447791025012612E7	0.5349436181391966	0.4650563818608035	529,423	460,257	0.589178416	0.074923497	0.223298648	0.075936495	0.005542993	0.008772598	0.020844561	0.001502793	1,199,298	152,510	454,534	154,572	11,283	17,857	42,430	3,059
New Hampshire	1	1,316,470	1,1,	D+3	309940	174788	1.0	0.0	0.0	0.0	1.0	658,235	0.5664116825174693	1.9442869244246414E12	0.0	8757048.302476518	0.5283458485303583	0.4716541514696417	369,393	329,757	0.935578429	0.009167965	0.022282547	0.020230540	0.000256501	0.002063667	0.009218488	0.001201862	962,931	9,436	22,934	20,822	264	2,124	9,488	1,237
New Jersey	1	2,647,252	3,2,	D+10	209744	107074	3.0	0.0	0.0	1.0	1.0	529,450	0.5587406936782585	3.147662671810978E11	1854707.4409502314	1074640.1056066041	0.6020559785791203	0.39794402142087976	644,640	426,091	0.591155940	0.152830343	0.167117009	0.074626080	0.000177932	0.001227980	0.010404246	0.002460470	1,179,443	304,919	333,423	148,890	355	2,450	20,758	4,909
New Jersey	2	2,091,332	3,2,	D+11	171260	90431	3.0	0.0	0.0	1.0	1.0	418,266	0.3399034053927682	3.2623106719885034E11	2989591.6964520635	644384.9953027036	0.6053077988083495	0.3946922011916505	547,375	356,917	0.674833576	0.132641374	0.105480506	0.071910002	0.000305221	0.001309617	0.011658802	0.001860902	1,072,320	210,769	167,610	114,266	485	2,081	18,526	2,957
New Jersey	3	2,194,047	2,1,	D+2	28364	155606	1.0	0.0	1.0	0.0	1.0	731,349	0.41166413032192767	8.253459088131559E11	2137135.029484179	3843014.0054383515	0.5151886789421426	0.4848113210578574	480,992	452,631	0.741718359	0.088406916	0.102521779	0.053953351	0.000220674	0.001617488	0.009982399	0.001579033	1,253,708	149,432	173,290	91,196	373	2,734	16,873	2,669
New Jersey	4	1,859,263	2,1,	D+15	210484	115068	2.0	0.0	0.0	0.0	1.0	619,754	0.3260603977219906	4.568143296088912E10	861258.784934232	620804.3187205452	0.6524348203939745	0.3475651796060255	450,441	239,959	0.443517067	0.115432393	0.289083653	0.132169250	0.000241006	0.001045967	0.012807076	0.005703587	644,095	167,636	419,820	191,942	350	1,519	18,599	8,283
New Mexico	1	2,059,179	2,2,	D+5	107862	93714	2.0	0.0	0.0	1.0	1.0	514,795	1.2298592117267204	2.556113859498655E13	0.0	2.1547955351523157E7	0.5530643169079651	0.4469356830920349	414,629	335,065	0.452998915	0.017820756	0.422799767	0.013603314	0.000640698	0.079170039	0.011257333	0.001709178	697,848	27,453	651,326	20,956	987	121,962	17,342	2,633
New York	1	3,476,769	4,1,	D+28	168166	107736	4.0	0.0	0.0	1.0	0.0	695,354	0.4306728796556012	5.65777035090798E10	667259.8243844375	823459.0851432572	0.7780454072918987	0.22195459270810128	838,235	239,125	0.487883898	0.203534024	0.159876435	0.127977765	0.000283849	0.001474699	0.015059298	0.003910032	1,337,240	557,866	438,205	350,774	778	4,042	41,276	10,717
New York	2	2,301,592	3,2,	D+6	110456	88975	2.0	1.0	0.0	0.0	2.0	460,318	0.3971922409429142	4.952337844141472E12	7468501.080456792	6731694.426487242	0.56207115521863	0.43792884478136995	500,100	389,645	0.829046781	0.053747740	0.064748948	0.035856554	0.000325730	0.003955058	0.010272219	0.002046970	1,486,393	96,364	116,088	64,287	584	7,091	18,417	3,670
New York	3	2,301,736	3,2,	D+4	78062	89808	2.0	1.0	0.0	0.0	2.0	460,347	0.3918040673475223	4.7290292225894476E11	1945138.4575018755	2599205.548676613	0.5434602510739793	0.45653974892602067	488,061	410,001	0.683054984	0.093195943	0.165754985	0.044527809	0.000218599	0.001596626	0.009325386	0.002325669	1,203,006	164,138	291,930	78,423	385	2,812	16,424	4,096
New York	4	3,306,500	4,1,	D+27	163436	112165	4.0	0.0	0.0	1.0	0.0	661,300	0.27698750836835445	8.952950420332518E10	1538676.0308737566	635611.3898392946	0.7728549292183257	0.22714507078167434	866,848	254,770	0.371263451	0.206585731	0.344025756	0.059863160	0.000272713	0.001611344	0.012296642	0.004081201	937,983	521,931	869,168	151,242	689	4,071	31,067	10,311
New York	5	2,318,086	3,2,	D+6	107814	92175	2.0	1.0	0.0	0.0	2.0	463,617	0.29461785410856683	2.9927819766179346E12	9144263.598336143	2872042.940049309	0.5584834341238172	0.4415165658761829	514,762	406,952	0.823257598	0.062305931	0.055131772	0.042865795	0.000232470	0.003291408	0.011630118	0.001284908	1,497,988	113,371	100,317	77,998	423	5,989	21,162	2,338
New York	6	1,853,098	3,2,	D+5	70892	75550	2.0	1.0	0.0	0.0	2.0	370,620	0.5953951564725932	1.8602166349967056E12	2991806.669625664	4365469.040644048	0.546916861690299	0.45308313830970104	413,176	342,288	0.807070588	0.081714421	0.058287052	0.036585743	0.000182994	0.005963130	0.009104987	0.001091085	1,173,157	118,780	84,726	53,181	266	8,668	13,235	1,586
New York	7	1,719,562	2,1,	D+8	103752	114418	1.0	1.0	0.0	0.0	1.0	573,187	0.30443464805664744	9.005501508424064E11	4197948.973948106	2531986.5986904325	0.5755646353631801	0.42443536463681986	395,128	291,377	0.746829360	0.079564807	0.115308073	0.042190321	0.000234974	0.001806505	0.012253409	0.001812550	988,466	105,308	152,616	55,841	311	2,391	16,218	2,399
New York	8	2,100,759	3,0,	D+26	109534	203727	2.0	0.0	1.0	0.0	0.0	700,253	0.20711976595631687	2.0449078092507298E10	1113861.069987262	0.0	0.7562751459878497	0.24372485401215024	462,221	148,960	0.289952109	0.255471354	0.239362190	0.176342685	0.000468510	0.002494235	0.022720295	0.013188621	474,063	417,688	391,350	288,315	766	4,078	37,147	21,563
North Carolina	1	2,031,976	3,2,	D+3	65270	100627	2.0	0.0	1.0	0.0	2.0	406,395	0.6240150875984578	3.751049645512886E12	4503561.541030007	5583625.985018077	0.5324313177940204	0.4675686822059795	535,767	470,498	0.619529689	0.283470559	0.060339953	0.020896912	0.000362751	0.004751264	0.009741995	0.000906878	959,820	439,173	93,483	32,375	562	7,361	15,093	1,405
North Carolina	2	1,902,853	2,3,	R+3	53824	78421	2.0	0.0	1.0	0.0	2.0	380,571	0.5596670918094514	2.717764618314467E12	5374849.490138994	3249143.851651538	0.46568405535031354	0.5343159446496865	365,175	418,994	0.635122135	0.225346411	0.075954641	0.011418644	0.001147947	0.037185923	0.012812679	0.001011619	908,466	322,331	108,644	16,333	1,642	53,190	18,327	1,447
North Carolina	3	1,955,318	1,2,	R+6	102592	150903	1.0	0.0	0.0	1.0	1.0	651,773	0.4475694027738662	2.1842349844950215E12	2463874.552730073	7156340.196195623	0.4433459832473316	0.5566540167526685	401,409	503,999	0.805455150	0.107399540	0.054109863	0.016374125	0.000444267	0.006426754	0.009052266	0.000738035	1,225,587	163,420	82,334	24,915	676	9,779	13,774	1,123
North Carolina	4	1,777,220	2,1,	D+2	39238	144227	1.0	0.0	1.0	0.0	1.0	592,407	0.3128331425093021	1.3628876137022524E12	6475331.762226691	1231683.6852914183	0.5226700441093709	0.4773299558906291	452,292	413,057	0.689496592	0.182831177	0.077171452	0.035641512	0.000318456	0.003494001	0.009679103	0.001367708	918,013	243,426	102,748	47,454	424	4,652	12,887	1,821
North Carolina	5	1,868,116	1,2,	R+2	40102	147487	1.0	0.0	1.0	0.0	1.0	622,705	0.3201422581851793	1.309545297925038E12	5396556.175732346	2364031.274689804	0.47734150580503143	0.5226584941949686	422,410	462,512	0.670182801	0.219833334	0.073968292	0.022136799	0.000342677	0.003034838	0.009536556	0.000964703	952,439	312,419	105,121	31,460	487	4,313	13,553	1,371
North Dakota	1	672,591	0,1,	R+10	63349	156241	0.0	0.0	0.0	0.0	1.0	672,591	0.9168873183201779	1.4782657636465193E13	0.0	1.8978502659942824E7	0.3986354370345717	0.6013645629654283	124,566	187,915	0.910020661	0.009865702	0.015426997	0.010642409	0.000418962	0.043591215	0.009657178	0.000376875	475,686	5,157	8,064	5,563	219	22,786	5,048	197
Ohio	1	2,384,239	2,3,	R+5	117356	115090	2.0	0.0	0.0	1.0	2.0	476,848	0.4875299303077245	1.1586821491830408E12	3452216.3404890755	2683649.1711025	0.44901558879164055	0.5509844112083594	516,768	634,123	0.810424853	0.135991174	0.019877898	0.019668104	0.000405197	0.001891473	0.010884962	0.000856338	1,464,056	245,672	35,910	35,531	732	3,417	19,664	1,547
Ohio	2	2,284,724	3,2,	D+3	63696	110219	2.0	0.0	1.0	0.0	2.0	456,945	0.5151066157212201	1.1706401806546985E12	4410923.0504964115	1244129.3747889048	0.5288944415864384	0.47110555841356166	582,930	519,237	0.883352487	0.076904480	0.014917470	0.013456142	0.000175359	0.001624771	0.008966599	0.000602692	1,556,551	135,513	26,286	23,711	309	2,863	15,800	1,062
Ohio	3	2,321,380	3,2,	D+16	86744	110524	3.0	0.0	1.0	0.0	1.0	464,276	0.34765345417774257	1.4380863050260745E12	4520533.755389602	3585708.5868787374	0.6607579749694176	0.3392420250305825	730,275	374,933	0.729902471	0.194574075	0.045729151	0.015909079	0.000170849	0.001895018	0.010986401	0.000832957	1,303,027	347,355	81,636	28,401	305	3,383	19,613	1,487
Ohio	4	2,264,199	1,2,	R+7	145190	170713	1.0	0.0	0.0	1.0	1.0	754,733	0.30432593456300583	2.9142892112974873E12	9019779.761639468	2600130.1910016327	0.4291262515071783	0.5708737484928217	439,539	584,726	0.898428487	0.047031202	0.025067847	0.017030487	0.000301020	0.001949019	0.009565301	0.000626638	1,534,090	80,307	42,804	29,080	514	3,328	16,333	1,070
Ohio	5	2,281,962	2,1,	D+2	34190	170075	1.0	0.0	1.0	0.0	1.0	760,654	0.26796390487118005	2.7616346559091597E12	8037527.778411741	4456896.313639885	0.5167519724199297	0.4832480275800703	527,318	493,129	0.844246949	0.105577518	0.018509559	0.016501414	0.000303257	0.002125091	0.011864279	0.000871935	1,472,701	184,169	32,288	28,785	529	3,707	20,696	1,521
Oklahoma	1	1,910,941	1,3,	R+16	47400	84456	1.0	0.0	0.0	1.0	2.0	477,735	0.44407604463447775	8.18801823828773E12	5263320.905755303	1.327795568572675E7	0.3399242188771961	0.6600757811228039	229,663	445,967	0.728504215	0.084244291	0.088238438	0.023453986	0.001350819	0.043261595	0.030185172	0.000761484	1,049,489	121,363	127,117	33,788	1,946	62,323	43,485	1,097
Oklahoma	2	1,840,410	1,2,	R+18	206612	109519	0.0	1.0	0.0	0.0	2.0	613,470	0.4465160806113245	6.517197794036346E12	5263320.905755302	1.1039653307036897E7	0.3238783097528424	0.6761216902471576	212,824	444,287	0.728427886	0.053713877	0.052379411	0.010963907	0.000546675	0.105396006	0.048069007	0.000503230	1,006,015	74,183	72,340	15,142	755	145,560	66,387	695
Oregon	1	2,189,591	3,2,	D+0	4450	96892	2.0	0.0	1.0	0.0	2.0	437,918	0.99570273233356	1.941545838987881E13	2120376.4819340236	1.804428239614776E7	0.5022943828388834	0.49770561716111666	486,667	482,221	0.825779095	0.008447270	0.087285894	0.021760717	0.002606733	0.013253606	0.019728814	0.021137871	1,437,896	14,709	151,987	37,891	4,539	23,078	34,353	36,807
Oregon	2	1,641,483	2,1,	D+14	211888	125826	2.0	0.0	0.0	0.0	1.0	547,161	0.6929518318417283	1.0845866084815901E12	2120376.481934024	3086054.4458411746	0.6403318912875888	0.3596681087124112	483,416	271,530	0.768540048	0.024901540	0.090964090	0.061135472	0.003301450	0.006785215	0.021671847	0.022700337	994,939	32,237	117,761	79,145	4,274	8,784	28,056	29,387
Pennsylvania	1	2,990,607	3,2,	D+7	201962	139636	2.0	1.0	0.0	0.0	2.0	598,121	0.4352537446333912	5.546239524260206E11	3126250.3946917327	1167124.3332104178	0.5723172115973374	0.42768278840266266	799,158	597,197	0.775522655	0.130548351	0.045893434	0.036319783	0.000243513	0.001285013	0.009278019	0.000909232	1,770,709	298,074	104,786	82,927	556	2,934	21,184	2,076
Pennsylvania	2	2,785,790	2,3,	R+4	104776	119390	2.0	0.0	0.0	1.0	2.0	557,158	0.37653148724294033	2.811781701258391E12	8417183.52902337	1693260.6035101637	0.45612051311044943	0.5438794868895506	544,560	649,335	0.909013676	0.056166926	0.011769145	0.013997273	0.000171533	0.001066566	0.007233650	0.000581231	2,019,053	124,755	26,141	31,090	381	2,369	16,067	1,291
Pennsylvania	3	2,665,135	2,3,	R+0	2940	101669	2.0	0.0	1.0	0.0	2.0	533,027	0.6061510851878875	2.614516280996141E12	4311851.142939095	4067189.5049213637	0.49855508954707123	0.5014449104529288	506,867	509,805	0.882814712	0.038352009	0.055466783	0.013738510	0.000194307	0.001287105	0.007363139	0.000783435	1,849,164	80,333	116,182	28,777	407	2,696	15,423	1,641
Pennsylvania	4	2,165,683	4,1,	D+20	9726	98394	3.0	0.0	1.0	0.0	1.0	433,137	0.43130094630829025	9.168682032961055E10	957898.1359083445	902051.8047593866	0.704941708310847	0.295058291689153	693,614	290,317	0.619869187	0.225378236	0.082634554	0.056199682	0.000271069	0.001735554	0.012011861	0.001899856	1,045,048	379,969	139,315	94,748	457	2,926	20,251	3,203
Pennsylvania	5	2,095,164	1,2,	R+7	124220	145618	1.0	0.0	0.0	1.0	1.0	698,388	0.4977969086288216	1.0991727932022765E12	4459257.267676702	1077774.6303213674	0.4289126702529472	0.5710873297470528	374,741	498,959	0.878182430	0.049674181	0.044913188	0.016694856	0.000189505	0.001376984	0.008247754	0.000721102	1,427,302	80,735	72,997	27,134	308	2,238	13,405	1,172
Rhode Island	1	1,052,567	1,1,	D+14	95854	109163	1.0	0.0	1.0	0.0	0.0	526,284	0.7371451916808172	3.3906130123541895E11	0.0	3205577.3611788675	0.640240285631185	0.3597597143688151	279,559	157,088	0.784948472	0.044217146	0.100627414	0.027910551	0.000285080	0.003483919	0.015462044	0.023065374	660,823	37,225	84,715	23,497	240	2,933	13,017	19,418
South Carolina	1	1,541,823	1,2,	R+3	32620	107227	1.0	0.0	1.0	0.0	1.0	513,941	0.34817687887526616	2.710804287689753E12	4716861.798300114	6899271.4624109	0.47464945699057604	0.525350543009424	305,370	337,989	0.646715685	0.277694813	0.048260899	0.012025793	0.000551203	0.004684807	0.009020603	0.001046195	770,845	330,995	57,524	14,334	657	5,584	10,752	1,247
South Carolina	2	1,540,947	1,2,	R+13	151274	97586	1.0	0.0	0.0	0.0	2.0	513,649	0.451426529087886	1.752413994907298E12	3511539.8803161466	4630494.008908668	0.37081992635555644	0.6291800736444435	217,121	368,395	0.744185888	0.188691876	0.043684842	0.012810754	0.000272696	0.002254625	0.007463029	0.000636290	876,008	222,116	51,423	15,080	321	2,654	8,785	749
South Carolina	3	1,542,594	1,2,	R+1	6398	104757	1.0	0.0	1.0	0.0	1.0	514,198	0.2853852382404762	2.267517599790615E12	8228401.678616262	2351835.23273146	0.49491119854519305	0.505088801454807	311,070	317,467	0.611417092	0.322993564	0.038466053	0.012996931	0.000496676	0.003720820	0.009203821	0.000705042	718,914	379,781	45,229	15,282	584	4,375	10,822	829
South Dakota	1	814,180	1,1,	R+9	98478	77655	0.0	1.0	0.0	0.0	1.0	407,090	0.9949631916323538	1.6216156133362172E13	0.0	1.908157066470927E7	0.4085184469770137	0.5914815530229863	126,894	183,726	0.878449352	0.010430450	0.021127509	0.009031982	0.000387646	0.069225019	0.010952218	0.000395824	537,069	6,377	12,917	5,522	237	42,323	6,696	242
Tennessee	1	1,697,122	1,2,	R+7	97712	110925	1.0	0.0	0.0	1.0	1.0	565,707	0.3511081422187468	1.0175392981563994E12	5146097.795312039	1184884.3107876678	0.42659346372232165	0.5734065362776783	283,918	381,629	0.748129346	0.154638941	0.058503602	0.022777785	0.000735096	0.002843207	0.011422983	0.000949042	954,631	197,323	74,652	29,065	938	3,628	14,576	1,211
Tennessee	2	1,331,234	1,2,	R+21	121436	79767	0.0	1.0	0.0	0.0	2.0	443,745	0.30452739262993406	1.432971737791456E12	3661557.7511603856	5370883.848700221	0.2935319952695559	0.7064680047304441	140,485	338,117	0.914297154	0.039076613	0.025008956	0.009540950	0.000340030	0.002493233	0.008728710	0.000514355	954,550	40,797	26,110	9,961	355	2,603	9,113	537
Tennessee	3	1,937,398	1,2,	R+1	18904	123379	1.0	0.0	1.0	0.0	1.0	645,799	0.28540679554864706	3.7616554193808623E12	6253931.972299379	8820781.398276249	0.48723237841277045	0.5127676215872295	360,684	379,587	0.636556347	0.304489363	0.034530281	0.013171217	0.000283880	0.002473813	0.007952770	0.000542328	926,087	442,983	50,236	19,162	413	3,599	11,570	789
Tennessee	4	1,380,351	1,2,	R+17	165150	86590	0.0	1.0	0.0	0.0	2.0	460,117	0.33608433782598807	2.619820629849497E12	7115066.99160384	3709639.1301658857	0.32560655201285765	0.6743934479871424	169,164	350,371	0.885691699	0.064684737	0.028838883	0.008463424	0.000289244	0.002952898	0.008637342	0.000441772	952,309	69,550	31,008	9,100	311	3,175	9,287	475
Texas	1	2,498,955	3,2,	D+0	8236	83415	2.0	0.0	1.0	0.0	2.0	499,791	0.3587294462522495	1.2554927818855525E12	6631755.840561773	0.0	0.504936192148847	0.495063807851153	421,190	412,955	0.495812360	0.066852083	0.389686662	0.031023372	0.000854413	0.002828273	0.011528432	0.001414404	927,893	125,111	729,283	58,059	1,599	5,293	21,575	2,647
Texas	2	2,121,400	2,3,	R+5	68244	63398	2.0	0.0	0.0	1.0	2.0	424,280	0.32288223276958933	2.232360783800531E11	2947576.26273434	0.0	0.4461785016862103	0.5538214983137897	282,862	351,104	0.421091417	0.164684622	0.346956728	0.053391521	0.000677510	0.002285062	0.009209354	0.001703785	651,983	254,984	537,199	82,667	1,049	3,538	14,259	2,638
Texas	3	2,144,364	2,3,	R+6	86654	69789	2.0	0.0	0.0	1.0	2.0	428,873	0.3617459417041162	2.5615565675325137E12	8585907.139210096	1129608.8789620346	0.43791689772921044	0.5620831022707895	305,606	392,257	0.423733114	0.195125531	0.261309512	0.104853596	0.000392019	0.002209916	0.010732573	0.001643739	649,621	299,145	400,611	160,750	601	3,388	16,454	2,520
Texas	4	2,612,881	1,4,	R+17	119592	172128	1.0	0.0	1.0	0.0	3.0	522,576	0.24499168708944513	1.861068881585349E13	2.2729309706508018E7	1.0889700585268982E7	0.330521472392638	0.6694785276073619	284,460	576,180	0.615852794	0.052109475	0.296863666	0.019572644	0.000700865	0.004648640	0.009307701	0.000944214	1,181,856	100,001	569,698	37,561	1,345	8,921	17,862	1,812
Texas	5	2,441,837	2,3,	R+13	115798	78996	1.0	0.0	1.0	0.0	3.0	488,367	0.3229160765407053	4.1681216772146934E12	1.2735919129529377E7	0.0	0.37329432600321294	0.6267056739967871	294,879	495,058	0.550971774	0.197322055	0.213928543	0.023012920	0.000749581	0.003697668	0.009440879	0.000876581	976,133	349,587	379,008	40,771	1,328	6,551	16,726	1,553
Texas	6	2,651,573	1,4,	R+18	160636	191443	1.0	0.0	1.0	0.0	3.0	530,315	0.3250749589739703	3.9905548747007905E12	6245398.652152106	8233115.295654494	0.31609310080766906	0.6839068991923309	302,564	654,635	0.694871108	0.109188726	0.130042855	0.047445070	0.000468586	0.005330808	0.011707917	0.000944929	1,343,518	211,114	251,435	91,734	906	10,307	22,637	1,827
Texas	7	1,923,461	2,3,	R+11	89102	49824	1.0	1.0	0.0	0.0	3.0	384,692	0.293620352555767	1.240984926065374E13	1.0196118601093635E7	1.7133143337854534E7	0.3894206933374013	0.6105793066625986	194,009	304,190	0.398616380	0.042053057	0.533678213	0.013693562	0.000672623	0.003796084	0.006614006	0.000876075	550,553	58,082	737,095	18,913	929	5,243	9,135	1,210
Texas	8	2,160,818	2,3,	R+8	105740	68797	2.0	0.0	0.0	1.0	2.0	432,164	0.42666966030481185	1.4015904779186262E12	4388701.110263972	2714995.913456931	0.42314977272363863	0.5768502272763614	291,097	396,832	0.487993110	0.155262421	0.308127864	0.035854603	0.000370384	0.002971999	0.008231966	0.001187652	765,486	243,551	483,342	56,243	581	4,662	12,913	1,863
Texas	9	2,483,680	3,2,	D+8	88812	56838	2.0	1.0	0.0	0.0	2.0	496,736	0.5140568903461782	6.854259350504689E12	6201154.782546498	8990901.482407149	0.578128546518891	0.421871453481109	328,573	239,766	0.213374261	0.016457978	0.754939591	0.009526761	0.000246665	0.001577833	0.003175001	0.000701910	364,181	28,090	1,288,509	16,260	421	2,693	5,419	1,198
Texas	10	2,132,534	2,1,	D+2	32538	109516	1.0	0.0	1.0	0.0	1.0	710,845	0.2956939403313565	1.423699490642817E11	2459760.84785595	0.0	0.5247577942613295	0.47524220573867043	344,811	312,275	0.439795036	0.164289527	0.315943010	0.063331922	0.000993975	0.003381164	0.010857554	0.001407813	692,894	258,837	497,766	99,779	1,566	5,327	17,106	2,218
Texas	11	1,974,058	1,2,	R+13	176526	114094	1.0	0.0	0.0	0.0	2.0	658,019	0.11108598762076939	4.92488526053879E12	2.1024331245894987E7	3438670.209860388	0.3710666282964653	0.6289333717035347	254,017	430,542	0.659973317	0.100488639	0.183051433	0.036876434	0.001759129	0.004034369	0.012647778	0.001168900	970,566	147,780	269,198	54,231	2,587	5,933	18,600	1,719
Utah	1	1,381,955	0,3,	R+29	133496	174835	0.0	0.0	0.0	1.0	2.0	460,652	1.0027577300512354	1.4935506618942516E13	3710497.537572756	1.3293963766035363E7	0.2060742986244173	0.7939257013755827	108,087	416,418	0.872264860	0.004374080	0.077938832	0.015868505	0.005015340	0.012962461	0.010568995	0.001006928	813,421	4,079	72,681	14,798	4,677	12,088	9,856	939
Utah	2	1,381,930	1,2,	R+19	130040	77636	0.0	1.0	0.0	0.0	2.0	460,643	0.7172697216668055	2.8227418199555376E12	3710497.5375727564	4429110.368093172	0.3062519589700433	0.6937480410299567	142,654	323,152	0.781143558	0.012837401	0.147672805	0.028074005	0.010456942	0.006612386	0.011800246	0.001402659	750,147	12,328	141,813	26,960	10,042	6,350	11,332	1,347
Vermont	1	625,741	1,0,	D+18	106552	145966	1.0	0.0	0.0	0.0	0.0	625,741	0.6507697661285501	2.0182099807124412E12	0.0	8323637.524276005	0.6824945535261636	0.3175054464738364	199,242	92,690	0.951765128	0.007734014	0.012745011	0.011834653	0.000235646	0.003260773	0.011725894	0.000698881	472,559	3,840	6,328	5,876	117	1,619	5,822	347
Virginia	1	2,666,529	2,3,	R+4	79612	110731	2.0	0.0	1.0	0.0	2.0	533,306	0.29966083128077153	5.525125388893094E12	5508403.085079171	1.2950962217720581E7	0.4640519098170784	0.5359480901829216	513,847	593,458	0.757815584	0.182859526	0.030510675	0.016117092	0.000292788	0.002209433	0.009427578	0.000767322	1,596,966	385,345	64,296	33,964	617	4,656	19,867	1,617
Virginia	2	2,667,285	3,2,	D+7	169614	115021	2.0	1.0	0.0	0.0	2.0	533,457	0.5097803955174551	1.1329913963021536E12	2642083.2136758314	3523591.8250050647	0.5737318955556464	0.42626810444435365	659,907	490,294	0.624740018	0.104250746	0.133283166	0.114721210	0.000716180	0.001964892	0.018473367	0.001850422	1,255,272	209,468	267,802	230,506	1,439	3,948	37,118	3,718
Virginia	3	2,667,210	3,2,	D+3	60230	111950	2.0	0.0	1.0	0.0	2.0	533,442	0.35908297114252136	2.2405884037100107E12	5540292.190889799	4419610.506060982	0.5269000754804621	0.4730999245195378	589,862	529,633	0.630874436	0.266011342	0.046662117	0.034307556	0.000936601	0.003727198	0.016250662	0.001230089	1,281,147	540,202	94,759	69,670	1,902	7,569	33,001	2,498
Washington	1	2,255,108	3,2,	D+0	3842	89282	2.0	0.0	1.0	0.0	2.0	451,022	0.28961188595262877	5.202622610146769E12	1.0515984767978417E7	6011716.900187519	0.5021499848229777	0.4978500151770223	448,318	444,479	0.762574168	0.030734854	0.121622611	0.039427328	0.006246121	0.013061218	0.025067911	0.001265789	1,270,566	51,209	202,642	65,692	10,407	21,762	41,767	2,109
Washington	2	2,298,475	4,1,	D+19	203436	218916	3.0	0.0	1.0	0.0	1.0	459,695	0.27678361377412286	3.205405496109129E11	3814839.1677642968	0.0	0.6929283774845327	0.3070716225154672	758,460	336,112	0.695487094	0.052351596	0.071207507	0.136693744	0.006541045	0.007005695	0.028819874	0.001893446	1,257,312	94,642	128,730	247,117	11,825	12,665	52,101	3,423
Washington	3	2,170,957	2,1,	D+2	40072	154729	1.0	0.0	1.0	0.0	1.0	723,652	0.28674668770823497	9.473404687164367E12	1.1500229666205693E7	1.1833724882227523E7	0.5215809282115028	0.4784190717884972	484,218	444,148	0.831782806	0.013375133	0.074875226	0.036642330	0.002641957	0.018060564	0.021378886	0.001243098	1,388,426	22,326	124,983	61,164	4,410	30,147	35,686	2,075
West Virginia	1	1,852,994	1,2,	R+13	45062	28920	1.0	0.0	0.0	0.0	2.0	617,665	0.3385566589623201	5.054526206101846E12	0.0	1.826283581578798E7	0.3701524363887848	0.6298475636112152	64,227	109,288	0.939426546	0.032832142	0.010073855	0.006703849	0.000208109	0.001980109	0.008387828	0.000387561	1,376,801	48,118	14,764	9,825	305	2,902	12,293	568
Wisconsin	1	2,956,264	3,2,	D+2	49604	147554	2.0	0.0	1.0	0.0	2.0	591,253	0.5303452167733717	8.979000287200846E12	4931565.949610568	1.287273042340849E7	0.5168084796361998	0.48319152036380025	762,569	712,966	0.925671700	0.011920166	0.026168685	0.016975340	0.000263886	0.011523457	0.007125359	0.000351408	2,104,709	27,103	59,500	38,597	600	26,201	16,201	799
Wisconsin	2	2,730,722	3,2,	D+6	170716	142741	2.0	1.0	0.0	0.0	2.0	546,144	0.5513511859020231	1.7126832922678022E12	3881601.6708532865	3154973.0603923462	0.559799102701703	0.44020089729829703	799,055	628,341	0.795147421	0.100021507	0.067664713	0.023152363	0.000289326	0.003962804	0.009128241	0.000633624	1,648,964	207,423	140,322	48,013	600	8,218	18,930	1,314
Wyoming	1	563,626	0,1,	R+22	97217	110827	0.0	0.0	0.0	0.0	1.0	563,626	1.3746117856988278	2.0479444078871938E13	0.0	1.8243691458350874E7	0.28070001308351344	0.7192999869164866	62,218	159,435	0.879282805	0.007624514	0.074890711	0.008156946	0.000616500	0.018130698	0.010653303	0.000644522	376,530	3,265	32,070	3,493	264	7,764	4,562	276