State	District	Population	Winner	PVI	Vote gap	Wasted votes	FV Safe D	FV Lean D	FV Tossup	FV Lean R	FV Safe R	Pop per seats	Compactness	Area	Paired edge length	Unpaired edge length	PRES04_DEM vote %	PRES04_REP vote %	PRES04_DEM votes	PRES04_REP votes	VAP_WHITE %	VAP_BLACK %	VAP_HISPAN %	VAP_ASIAN %	VAP_HAWAII %	VAP_INDIAN %	VAP_MULTI %	VAP_OTHER %	VAP_WHITE pop	VAP_BLACK pop	VAP_HISPAN pop	VAP_ASIAN pop	VAP_HAWAII pop	VAP_INDIAN pop	VAP_MULTI pop	VAP_OTHER pop
Alabama	1	2,731,271	1,3,	R+13	532	126807	1.0	0.0	1.0	0.0	2.0	682,818	0.4288466241244236	4.60820938818796E12	6331731.753341739	7051520.511836707	0.37474012525248146	0.6252598747475185	380,148	634,283	0.691658789	0.244496713	0.036752463	0.011677609	0.000472432	0.004642391	0.009791713	0.000507889	1,443,541	510,282	76,705	24,372	986	9,689	20,436	1,060
Alabama	2	2,048,465	1,2,	R+13	212846	135379	1.0	0.0	0.0	0.0	2.0	682,822	0.4688641953955113	6.406442280092417E12	6331731.753341743	9029126.638207098	0.36898115260981385	0.6310188473901862	299,709	512,552	0.696843878	0.251246310	0.026683015	0.010163401	0.000274323	0.006320319	0.007969460	0.000499293	1,087,220	391,996	41,631	15,857	428	9,861	12,434	779
Alaska	1	667,047	0,1,	R+12	72662	146980	0.0	0.0	0.0	0.0	1.0	667,047	0.2264219287995333	1.5083765280721478E14	0.0	1.2199423518190756E8	0.3764083548782147	0.6235916451217853	110,649	183,311	0.682767432	0.030848059	0.046737802	0.053328565	0.008598975	0.132700778	0.043645155	0.001373235	356,987	16,129	24,437	27,883	4,496	69,383	22,820	718
Arizona	1	2,130,789	1,2,	R+8	102148	105306	1.0	0.0	0.0	0.0	2.0	710,263	0.34861214393569495	6.108000927260013E12	8082308.909085352	9007946.024934188	0.4191660362188324	0.5808339637811676	264,840	366,986	0.525649673	0.055024472	0.359713468	0.026604326	0.001587301	0.017507698	0.012679578	0.001233485	809,685	84,757	554,085	40,980	2,445	26,968	19,531	1,900
Arizona	2	2,130,489	1,2,	R+6	83888	115987	1.0	0.0	0.0	1.0	1.0	710,163	0.6930620462411883	1.1900141678570889E13	9844749.18363109	6459123.2530172095	0.43972887766157703	0.560271122338423	306,017	389,905	0.735751299	0.020772974	0.136463787	0.023914545	0.001497790	0.068269155	0.012288350	0.001042100	1,204,483	34,007	223,402	39,150	2,452	111,762	20,117	1,706
Arizona	3	2,130,739	1,2,	R+2	24716	111305	1.0	0.0	1.0	0.0	1.0	710,246	0.5553351932888341	5.922709163329532E12	6986852.46565238	6119894.735917936	0.4814959008722345	0.5185040991277655	321,555	346,270	0.633037394	0.033732285	0.260925230	0.032913653	0.002083159	0.023005563	0.013070354	0.001232362	1,003,727	53,485	413,716	52,187	3,303	36,477	20,724	1,954
Arkansas	1	2,915,918	2,2,	R+5	157014	130011	1.0	1.0	0.0	0.0	2.0	728,980	0.6539099518575601	1.1261157163174865E13	0.0	1.9614453169639323E7	0.4504812605941268	0.5495187394058731	468,537	571,544	0.775210337	0.142388349	0.050395497	0.012152730	0.001438459	0.006748190	0.011198294	0.000468145	1,708,907	313,887	111,094	26,790	3,171	14,876	24,686	1,032
California	1	3,514,921	2,3,	R+9	181460	101998	1.0	1.0	0.0	0.0	3.0	702,984	0.20584175859457757	5.329694838464404E12	1.3561467406145072E7	5968764.359359252	0.4110466860530098	0.5889533139469901	419,252	600,710	0.462758094	0.033918910	0.379228047	0.098807192	0.002273035	0.004899688	0.016526672	0.001588362	1,189,553	87,191	974,833	253,991	5,843	12,595	42,483	4,083
California	2	3,502,280	3,2,	D+1	17088	134333	2.0	0.0	1.0	0.0	2.0	700,456	0.39715899577175956	1.1230742446140889E13	1.0646004807897463E7	1.0939563612571532E7	0.5063599839502249	0.49364001604977514	680,204	663,117	0.611567525	0.054321828	0.193412880	0.095159595	0.004498202	0.011446579	0.027418094	0.002175298	1,624,157	144,264	513,652	252,718	11,946	30,399	72,815	5,777
California	3	3,527,052	3,2,	D+10	223834	112422	3.0	0.0	0.0	1.0	1.0	705,410	0.1329604082615813	8.820541753556432E11	5313714.880469338	5088958.001779152	0.600447081825937	0.399552918174063	675,010	449,169	0.448065861	0.108982744	0.306612355	0.108091672	0.001877914	0.002195452	0.021315436	0.002858566	1,230,448	299,281	841,998	296,834	5,157	6,029	58,535	7,850
California	4	3,504,829	3,2,	D+1	15704	94948	2.0	0.0	1.0	0.0	2.0	700,966	0.18060914527678645	2.0736795239543738E12	1.2011738890921365E7	0.0	0.508267996848682	0.49173200315131804	482,572	466,872	0.340397364	0.074716671	0.445979460	0.114719210	0.002399097	0.003835621	0.016229701	0.001722876	858,266	188,388	1,124,477	289,249	6,049	9,671	40,921	4,344
California	5	3,512,173	2,3,	R+4	101328	126395	2.0	0.0	0.0	1.0	2.0	702,435	0.1593643662585117	5.4763326770735223E11	5048528.9003065275	2030420.757793101	0.45991648311306904	0.540083516886931	581,305	682,631	0.554866032	0.042532381	0.264217766	0.106505230	0.004145924	0.003629215	0.022159853	0.001943599	1,494,793	114,581	711,795	286,922	11,169	9,777	59,698	5,236
California	6	3,492,989	3,2,	D+16	104198	120086	3.0	0.0	1.0	0.0	1.0	698,598	0.27955027118725273	2.088060096597106E12	7936527.96111576	2335663.086255807	0.6566150330645477	0.3433849669354523	788,485	412,348	0.434408293	0.025588083	0.277474229	0.230968467	0.005279653	0.002715793	0.021505278	0.002060204	1,143,688	67,367	730,520	608,082	13,900	7,150	56,618	5,424
California	7	3,509,056	3,2,	D+13	139906	107191	3.0	0.0	1.0	0.0	1.0	701,811	0.25387416043973543	3.46907091817896E11	4143833.251522597	0.0	0.6347389466436664	0.36526105335633363	680,357	391,512	0.344648668	0.039556394	0.408909519	0.185444483	0.000922997	0.001976252	0.016514675	0.002027011	923,422	105,984	1,095,597	496,864	2,473	5,295	44,248	5,431
California	8	3,528,696	4,1,	D+25	132782	143137	3.0	1.0	0.0	0.0	1.0	705,739	0.16763980743549908	6.158515424321536E11	6075570.693957802	958507.0985498496	0.7463828360242285	0.25361716397577144	1,068,350	363,020	0.464304313	0.085181638	0.181826094	0.231375275	0.005284711	0.002938082	0.026325867	0.002764021	1,307,064	239,795	511,859	651,345	14,877	8,271	74,110	7,781
California	9	3,535,068	2,3,	R+8	159812	100465	2.0	0.0	0.0	1.0	2.0	707,014	0.32098995970889355	9.198007498902012E12	1.3709600670266373E7	7021948.258471072	0.42046341346881244	0.5795365865311876	422,411	582,221	0.453935171	0.042688709	0.420817271	0.055724151	0.001303979	0.007536207	0.015720057	0.002274455	1,148,781	108,033	1,064,969	141,022	3,300	19,072	39,783	5,756
California	10	3,500,868	3,2,	D+5	116094	111854	2.0	1.0	0.0	0.0	2.0	700,174	0.09763200976594678	8.571562973525833E10	3321534.95638593	0.0	0.5518952983869021	0.4481047016130979	617,312	501,219	0.217684171	0.078085790	0.527525382	0.155488300	0.004853459	0.002273533	0.012382543	0.001706823	552,748	198,277	1,339,503	394,819	12,324	5,773	31,442	4,334
California	11	2,126,024	1,2,	R+5	66750	118927	1.0	0.0	0.0	1.0	1.0	708,675	0.2080285596589252	2.0213839787592534E12	1.0554714379013997E7	660570.2152113765	0.453228114283472	0.546771885716528	323,405	390,154	0.595241438	0.055346505	0.221274206	0.087186723	0.005947091	0.006980732	0.026112308	0.001910998	936,938	87,118	348,296	137,236	9,361	10,988	41,102	3,008
Colorado	1	2,873,799	2,2,	R+2	233636	138725	2.0	0.0	0.0	0.0	2.0	718,450	0.6426311495430349	8.774480636246668E12	6587745.047089896	8681537.07838972	0.4802604072805911	0.519739592719409	532,993	576,807	0.681607676	0.054996247	0.205494813	0.034683772	0.001259092	0.005381688	0.015199683	0.001377029	1,444,859	116,580	435,604	73,522	2,669	11,408	32,220	2,919
Colorado	2	2,155,397	1,2,	R+3	55718	164995	1.0	0.0	1.0	0.0	1.0	718,466	0.8050963264496164	1.3021622140517814E13	6587745.047089901	1.0225034420810454E7	0.47185952592119695	0.528140474078803	467,123	522,839	0.811051867	0.013202827	0.135917083	0.017708097	0.000852236	0.007446226	0.012674857	0.001146807	1,365,654	22,231	228,858	29,817	1,435	12,538	21,342	1,931
Connecticut	1	3,574,097	3,2,	D+5	162572	154911	2.0	1.0	0.0	0.0	2.0	714,819	1.147687818937127	1.1609910602138718E12	0.0	4753858.167514866	0.5524726922260073	0.4475273077739928	855,836	693,265	0.742287680	0.089230571	0.115682812	0.036446504	0.000264410	0.001829470	0.011171231	0.003087322	2,046,548	246,016	318,947	100,486	729	5,044	30,800	8,512
Delaware	1	897,934	1,0,	D+4	28494	185686	0.0	0.0	1.0	0.0	0.0	897,934	0.8135230378925188	5.1979433470856586E11	0.0	3778109.2446150845	0.5383631506952598	0.46163684930474025	199,933	171,439	0.690056908	0.195015957	0.066654242	0.031303049	0.000255718	0.003247762	0.012268680	0.001197684	477,636	134,984	46,136	21,667	177	2,248	8,492	829
Florida	1	3,481,982	3,2,	D+9	191572	109678	3.0	0.0	0.0	1.0	1.0	696,396	0.2769021670391879	9.348595774241202E11	4569189.928479588	2592423.9887221386	0.5873337740192838	0.4126662259807162	644,173	452,602	0.570036013	0.205563438	0.187011635	0.020423515	0.000438654	0.001882950	0.011726564	0.002917231	1,572,409	567,034	515,860	56,337	1,210	5,194	32,347	8,047
Florida	2	3,480,453	3,2,	D+4	68636	90234	2.0	0.0	1.0	0.0	2.0	696,091	0.35328223327785646	2.3080288359440566E12	3970767.579947039	6786657.162645422	0.5380315343720666	0.4619684656279334	485,475	416,842	0.330213868	0.110280792	0.527531283	0.020574477	0.000225984	0.001050443	0.008011278	0.002111874	901,575	301,097	1,440,306	56,174	617	2,868	21,873	5,766
Florida	3	3,479,911	2,3,	R+6	104476	81243	2.0	0.0	0.0	1.0	2.0	695,982	0.2792477184742831	2.770003630673511E12	9925268.05572306	1652686.52094275	0.435701660233181	0.564298339766819	353,971	458,445	0.679476290	0.138982012	0.129990108	0.032759449	0.000621139	0.002886688	0.012749445	0.002534869	1,836,691	375,682	351,376	88,552	1,679	7,803	34,463	6,852
Florida	4	2,088,371	1,2,	R+6	58182	78274	1.0	0.0	0.0	1.0	1.0	696,124	0.5864356966699823	2.271138087080817E12	5801759.779601709	1565868.4698002331	0.4380588163898891	0.5619411836101109	205,726	263,905	0.760294483	0.078224033	0.136640717	0.012823189	0.000365314	0.002523607	0.007768776	0.001359881	1,267,455	130,404	227,788	21,377	609	4,207	12,951	2,267
Florida	5	2,090,827	1,2,	R+8	100028	99062	1.0	0.0	0.0	0.0	2.0	696,942	0.3089143691731431	4.256433332018403E12	2993948.6913154023	1.3552832435543148E7	0.4158545941544239	0.5841454058455761	247,169	347,195	0.696529570	0.211330947	0.048549060	0.021793363	0.000894403	0.005371343	0.014554369	0.000976944	1,130,767	343,081	78,816	35,380	1,452	8,720	23,628	1,586
Florida	6	2,090,530	1,2,	R+5	36834	65053	1.0	0.0	0.0	1.0	1.0	696,843	0.41949065953410014	7.959050137221769E11	3769686.9962599333	1484232.6531560784	0.45281607325402945	0.5471839267459705	176,740	213,573	0.649296279	0.120740794	0.183365041	0.028962722	0.000637416	0.002573474	0.012109064	0.002315211	1,063,459	197,757	300,327	47,437	1,044	4,215	19,833	3,792
Florida	7	2,089,236	1,2,	R+4	26264	50945	1.0	0.0	0.0	1.0	1.0	696,412	0.41759476708987453	5.811284522338766E11	3094611.114061341	1449587.9977832295	0.45704171669551164	0.5429582833044884	139,698	165,959	0.765955255	0.070782672	0.121919175	0.026243333	0.000550905	0.002424578	0.010699471	0.001424611	1,286,081	118,848	204,709	44,064	925	4,071	17,965	2,392
Georgia	1	3,459,636	2,3,	R+10	222408	116111	1.0	1.0	0.0	0.0	3.0	691,927	0.34586215876044774	3.406321585194413E12	8935235.008679321	2919557.2666902402	0.3957748213527496	0.6042251786472503	459,529	701,558	0.578568163	0.261122453	0.094692620	0.050526421	0.000515196	0.002110148	0.011079259	0.001385740	1,476,753	666,496	241,696	128,965	1,315	5,386	28,279	3,537
Georgia	2	2,075,934	2,1,	D+8	112010	116753	1.0	1.0	0.0	0.0	1.0	691,978	0.4513152218580019	8.884560185526667E11	4189437.104436321	1045734.5844457295	0.5799476099726629	0.420052390027337	406,262	294,253	0.431358618	0.471003714	0.057639936	0.024040486	0.000380664	0.002259866	0.011965490	0.001351226	661,774	722,596	88,429	36,882	584	3,467	18,357	2,073
Georgia	3	2,075,618	1,2,	R+9	117180	110528	1.0	0.0	0.0	0.0	2.0	691,873	0.5306318060594234	6.589469777830692E12	4016690.6420335677	1.1300472025165068E7	0.41165178840702094	0.5883482115929791	272,991	390,169	0.591197918	0.336845407	0.047053110	0.011784608	0.000744156	0.002578885	0.008991457	0.000804458	921,567	525,079	73,347	18,370	1,160	4,020	14,016	1,254
Georgia	4	2,076,465	1,2,	R+20	203482	126092	0.0	1.0	0.0	0.0	2.0	692,155	0.4959162917700218	1.575716600507167E12	3396681.6104913265	3896258.5323581216	0.3011465173576965	0.6988534826423035	227,833	528,719	0.762507747	0.102389310	0.087399295	0.032209346	0.000412717	0.002225448	0.010764823	0.002091315	1,182,420	158,775	135,530	49,947	640	3,451	16,693	3,243
Hawaii	1	185,079	1,1,	D+11	15442	14287	1.0	0.0	0.0	1.0	0.0	92,540	0.5173926822463366	4.925152472611093E12	0.0	1.4582882199808676E7	0.6148946594806467	0.38510534051935325	35,140	22,008	0.255120054	0.014824659	0.071533569	0.411339321	0.085845205	0.002198805	0.157848257	0.001290130	269,530	15,662	75,574	434,573	90,694	2,323	166,764	1,363
Idaho	1	1,567,582	0,2,	R+19	228172	294700	0.0	0.0	1.0	0.0	1.0	783,791	0.551642918019351	1.7149255072304904E13	0.0	2.635343769005981E7	0.30643705463182896	0.693562945368171	180,614	408,786	0.866508858	0.004969653	0.090281157	0.012484739	0.001330687	0.011053043	0.012558519	0.000813344	986,529	5,658	102,786	14,214	1,515	12,584	14,298	926
Illinois	1	3,563,166	2,3,	R+3	87750	140148	2.0	0.0	1.0	0.0	2.0	712,633	0.2932876393906424	2.695822010925017E12	8119453.512544775	3503936.786146959	0.46869452166616243	0.5313054783338376	656,851	744,597	0.760609814	0.052468776	0.126482506	0.049565046	0.000223946	0.001389070	0.008565551	0.000695291	2,010,669	138,701	334,356	131,025	592	3,672	22,643	1,838
Illinois	2	3,560,848	4,1,	D+18	212244	277188	3.0	0.0	1.0	0.0	1.0	712,170	0.3749617264910431	5.322779559543678E11	2781036.8604678474	1923390.5601907002	0.6765697785166329	0.3234302214833671	937,677	448,251	0.544285289	0.166138544	0.188830408	0.085304217	0.000272470	0.001418082	0.012180280	0.001570709	1,494,203	456,093	518,388	234,182	748	3,893	33,438	4,312
Illinois	3	3,563,423	2,3,	R+1	46582	156644	2.0	0.0	1.0	0.0	2.0	712,685	0.40565523067558495	8.841459766376523E12	5791523.300982356	1.4344146871058956E7	0.4851315247680242	0.5148684752319758	759,927	806,508	0.799268758	0.137773326	0.037226829	0.014283529	0.000292760	0.001897827	0.008699560	0.000557411	2,189,556	377,423	101,981	39,129	802	5,199	23,832	1,527
Illinois	4	2,143,195	2,1,	D+12	198442	139617	2.0	0.0	0.0	0.0	1.0	714,398	0.24244885471824446	1.3226561875469302E11	2618293.6202274826	0.0	0.6184444879502251	0.38155551204977484	518,066	319,626	0.518739222	0.219287323	0.222260784	0.029920210	0.000165263	0.001069124	0.007633874	0.000924201	816,107	344,994	349,672	47,072	260	1,682	12,010	1,454
Indiana	1	2,160,905	1,2,	R+11	155284	116061	1.0	0.0	0.0	0.0	2.0	720,302	0.3667033427379231	3.4520188613570513E12	4514880.196374852	8481989.886589201	0.3885042714790993	0.6114957285209007	270,540	425,823	0.897642862	0.042045787	0.029819106	0.018932650	0.000273009	0.002138670	0.008526230	0.000621685	1,482,871	69,458	49,260	31,276	451	3,533	14,085	1,027
Indiana	2	2,161,228	1,2,	R+10	150980	120051	1.0	0.0	0.0	0.0	2.0	720,409	0.44087471172329995	1.9118911392901978E12	5226826.644794065	2873675.0051333127	0.39519754323904827	0.6048024567609517	284,660	435,638	0.811073733	0.117872580	0.041619480	0.016524315	0.000331007	0.002126131	0.009641973	0.000810781	1,308,472	190,159	67,143	26,658	534	3,430	15,555	1,308
Indiana	3	2,161,669	1,2,	R+6	94090	120863	1.0	0.0	0.0	1.0	1.0	720,556	0.7068287478700238	2.2996968468746387E12	3431651.4670232334	3950004.0198962064	0.4351265146385759	0.5648734853614241	315,542	409,631	0.811030228	0.091529196	0.073878893	0.011530885	0.000260203	0.002474719	0.008718338	0.000577538	1,305,989	147,388	118,966	18,568	419	3,985	14,039	930
Iowa	1	3,046,355	2,2,	D+0	334640	170881	2.0	0.0	0.0	0.0	2.0	761,589	0.9245048697088791	1.1795932316862736E13	0.0	1.688321702211733E7	0.5026045305151784	0.4973954694848216	687,081	679,960	0.909251877	0.024613930	0.038103195	0.017067654	0.000509411	0.002604425	0.007393582	0.000455925	2,107,975	57,064	88,337	39,569	1,181	6,038	17,141	1,057
Kansas	1	2,853,118	1,3,	R+13	9446	146005	1.0	0.0	1.0	0.0	2.0	713,280	1.1803500655825498	1.726877043624987E13	0.0	1.807877344765701E7	0.37095842091069037	0.6290415790893097	433,285	734,730	0.814691049	0.054628514	0.083690978	0.023472624	0.000653285	0.007993683	0.014114052	0.000755816	1,732,179	116,150	177,942	49,907	1,389	16,996	30,009	1,607
Kentucky	1	2,169,689	1,2,	R+10	175080	149956	1.0	0.0	0.0	0.0	2.0	723,230	0.3759434594330699	4.423234299396054E12	4164442.654841114	1.0659998831034243E7	0.40270505477797053	0.5972949452220294	362,323	537,400	0.852947774	0.095419360	0.026545042	0.011955207	0.000606813	0.002233127	0.009727100	0.000565577	1,414,053	158,190	44,007	19,820	1,006	3,702	16,126	938
Kentucky	2	2,169,678	1,2,	R+10	181628	146892	1.0	0.0	0.0	0.0	2.0	723,226	0.4295475012890221	4.0037061432927817E12	4164442.654841114	8877504.03065166	0.39696079532625556	0.6030392046737445	349,861	531,488	0.905928838	0.049967315	0.023427321	0.010267149	0.000256089	0.001970274	0.007686887	0.000496127	1,503,461	82,925	38,880	17,039	425	3,270	12,757	823
Louisiana	1	2,266,725	1,2,	R+6	111036	165592	1.0	0.0	0.0	1.0	1.0	755,575	0.3477548128406477	4.597898227522464E12	5027407.403917057	1.048326356116875E7	0.44412247531299726	0.5558775246870027	441,253	552,286	0.645926992	0.262873912	0.054263216	0.018880761	0.000291816	0.006916871	0.009172296	0.001674136	1,102,308	448,608	92,603	32,221	498	11,804	15,653	2,857
Louisiana	2	2,266,647	1,2,	R+9	170840	154207	1.0	0.0	0.0	0.0	2.0	755,549	0.3592283315543866	6.399826720658513E12	5027407.403917056	1.3246771095118988E7	0.4076784484873638	0.5923215515126362	377,200	548,039	0.611745050	0.334136429	0.026619772	0.012533320	0.000382724	0.004768244	0.008837755	0.000976706	1,045,353	570,974	45,488	21,417	654	8,148	15,102	1,669
Maine	1	1,328,361	1,1,	D+5	289734	178375	1.0	0.0	0.0	0.0	1.0	664,180	0.6348582259758725	7.419277729879874E12	0.0	1.6157944322935505E7	0.5469624874736333	0.4530375125263667	390,255	323,240	0.955585731	0.008572556	0.009987398	0.009284248	0.000222048	0.005768494	0.010007326	0.000572200	1,007,023	9,034	10,525	9,784	234	6,079	10,546	603
Maryland	1	3,608,793	3,2,	D+8	224482	143560	2.0	1.0	0.0	0.0	2.0	721,759	0.7139024942854172	1.8623518637642437E12	1186280.8412929303	6052343.755386333	0.5781844601423961	0.4218155398576039	830,026	605,547	0.554334264	0.331458184	0.061732654	0.033890969	0.000466327	0.002810924	0.014004205	0.001302474	1,539,399	920,467	171,433	94,116	1,295	7,806	38,890	3,617
Maryland	2	2,164,759	2,1,	D+5	85330	153635	1.0	1.0	0.0	0.0	1.0	721,586	0.23851144823425494	7.474586067932874E11	1186280.84129293	6785539.942448881	0.5462833586461271	0.45371664135387285	503,564	418,236	0.602414264	0.194290460	0.091797404	0.092129609	0.000390614	0.001774192	0.015188934	0.002014523	990,107	319,329	150,875	151,421	642	2,916	24,964	3,311
Massachusetts	1	2,183,356	2,1,	D+14	252154	154054	2.0	0.0	0.0	0.0	1.0	727,785	0.6770633664760052	2.936055179467272E11	1231206.54014722	1470903.8722084449	0.6363992400867235	0.3636007599132764	588,234	336,082	0.758447817	0.038272642	0.106394603	0.075740182	0.000221879	0.001093833	0.012828625	0.007000418	1,316,045	66,410	184,614	131,423	385	1,898	22,260	12,147
Massachusetts	2	2,182,963	2,1,	D+13	257178	165315	2.0	0.0	0.0	0.0	1.0	727,654	0.677217324406533	1.1139766310228513E12	952009.897241547	4792677.85476282	0.6296405703529773	0.3703594296470228	624,526	367,351	0.772640683	0.093322656	0.056494329	0.044428461	0.000251591	0.002253250	0.016199059	0.014409970	1,326,682	160,242	97,005	76,287	432	3,869	27,815	24,743
Massachusetts	3	2,181,310	2,1,	D+12	225884	161462	2.0	0.0	0.0	0.0	1.0	727,103	0.8662831278303532	1.049371322521529E12	1198662.9093863664	3603878.475567317	0.6165826588449759	0.3834173411550241	597,320	371,439	0.827183529	0.036905984	0.080620407	0.036612507	0.000221898	0.001462615	0.011635904	0.005357157	1,386,731	61,871	135,156	61,379	372	2,452	19,507	8,981
Michigan	1	3,514,067	2,3,	R+0	14940	174465	2.0	0.0	1.0	0.0	2.0	702,813	0.5282229349763826	1.6258680056821523E13	6711026.317003167	1.727468167627287E7	0.49571967128451133	0.5042803287154887	864,837	879,772	0.839293663	0.096444754	0.025620677	0.017584533	0.000231946	0.008545617	0.011707216	0.000571595	2,283,264	262,374	69,700	47,838	631	23,248	31,849	1,555
Michigan	2	2,125,006	2,1,	D+2	48756	173605	1.0	0.0	1.0	0.0	1.0	708,335	0.46159271667311036	8.795089675970692E11	3406793.056848782	1981915.3906754828	0.5234032911973288	0.4765967088026712	545,191	496,436	0.786043684	0.132393231	0.036108989	0.030060700	0.000186320	0.002932842	0.011627993	0.000646240	1,269,852	213,881	58,334	48,563	301	4,738	18,785	1,044
Michigan	3	2,131,887	2,1,	D+14	277256	167851	2.0	0.0	0.0	0.0	1.0	710,629	0.6687289995341902	7.972643106544447E11	2786887.497365137	1444982.3618304275	0.637650233939962	0.362349766060038	642,175	364,921	0.666481104	0.249073064	0.032656062	0.032751212	0.000213160	0.003166502	0.014673418	0.000985477	1,078,703	403,126	52,854	53,008	345	5,125	23,749	1,595
Michigan	4	2,112,680	1,2,	R+7	145658	165751	1.0	0.0	0.0	1.0	1.0	704,227	0.7150220119340958	2.5109061492581416E12	4081556.3042530655	3415181.0434423783	0.4267689362249823	0.5732310637750176	424,420	570,076	0.838351282	0.075028231	0.052755329	0.016302970	0.000262442	0.004390862	0.012197261	0.000711623	1,328,879	118,928	83,623	25,842	416	6,960	19,334	1,128
Minnesota	1	3,161,890	3,2,	D+6	189016	169501	2.0	1.0	0.0	0.0	2.0	632,378	0.2898080348214846	4.842582859289068E12	7473871.136784667	9355722.253311872	0.5557566032058808	0.4442433967941192	942,013	752,997	0.818070272	0.064423037	0.043759765	0.050318742	0.000369514	0.008217841	0.013772605	0.001068224	1,968,165	154,993	105,280	121,060	889	19,771	33,135	2,570
Minnesota	2	2,142,035	1,2,	R+4	90724	182011	1.0	0.0	0.0	1.0	1.0	714,012	0.3701056593635039	1.343846885722808E13	7473871.136784665	1.8515869070811648E7	0.4584625612258633	0.5415374387741366	500,670	591,393	0.925947910	0.012202610	0.026986386	0.015460976	0.000286246	0.011300503	0.007386622	0.000428749	1,494,479	19,695	43,556	24,954	462	18,239	11,922	692
Mississippi	1	2,967,297	1,3,	R+10	215904	263592	1.0	0.0	1.0	0.0	2.0	741,824	0.4859804623722886	1.0171813528072064E13	0.0	2.1623871837113716E7	0.397614860930117	0.602385139069883	419,230	635,132	0.609585566	0.345542111	0.024856878	0.008789000	0.000330961	0.004268129	0.006205516	0.000421839	1,348,246	764,250	54,977	19,439	732	9,440	13,725	933
Missouri	1	3,743,080	2,3,	R+1	40602	163246	2.0	0.0	1.0	0.0	2.0	748,616	0.4464266051520122	8.740327240487859E12	6228147.215819307	1.2609581089397619E7	0.48756491062135937	0.5124350893786407	795,919	836,518	0.798424490	0.133090723	0.034333690	0.015470640	0.001127278	0.004429096	0.012474083	0.000650000	2,265,068	377,568	97,402	43,889	3,198	12,565	35,388	1,844
Missouri	2	2,245,847	1,2,	R+6	123784	166557	1.0	0.0	0.0	1.0	1.0	748,616	0.4463772698917097	5.91204033430515E12	6228147.215819308	8897105.95819568	0.438067438711866	0.5619325612881341	437,777	561,560	0.882805147	0.064893439	0.019929699	0.017636712	0.000417012	0.003377797	0.010425879	0.000514315	1,524,224	112,043	34,410	30,451	720	5,832	18,001	888
Montana	1	989,415	0,1,	R+11	92360	219752	0.0	0.0	0.0	0.0	1.0	989,415	0.8568842825488256	3.1006708533381477E13	0.0	2.8432196609702956E7	0.3949270086279078	0.6050729913720921	173,572	265,932	0.899897108	0.003417109	0.022745909	0.006317147	0.000605861	0.050857085	0.015680575	0.000479205	689,188	2,617	17,420	4,838	464	38,949	12,009	367
Nebraska	1	1,826,341	1,2,	R+17	245664	123294	1.0	0.0	0.0	0.0	2.0	608,780	0.9378405907719913	1.6213575873774137E13	0.0	1.9652534165798683E7	0.33395785683001605	0.6660421431699839	247,050	492,714	0.853587103	0.040216660	0.071845193	0.017128709	0.000501785	0.007049125	0.008906314	0.000765112	1,166,956	54,981	98,221	23,417	686	9,637	12,176	1,046
Nevada	1	2,700,551	2,2,	R+1	182732	101332	2.0	0.0	0.0	0.0	2.0	675,138	1.1388032671912331	2.344911768075124E13	0.0	2.1447791025012612E7	0.4877072133307346	0.5122927866692655	395,354	415,284	0.589178416	0.074923497	0.223298648	0.075936495	0.005542993	0.008772598	0.020844561	0.001502793	1,199,298	152,510	454,534	154,572	11,283	17,857	42,430	3,059
New Hampshire	1	1,316,470	1,1,	D+1	326442	167859	1.0	0.0	0.0	0.0	1.0	658,235	0.5664116825174693	1.9442869244246414E12	0.0	8757048.302476518	0.5069068693376704	0.4930931306623297	340,354	331,079	0.935578429	0.009167965	0.022282547	0.020230540	0.000256501	0.002063667	0.009218488	0.001201862	962,931	9,436	22,934	20,822	264	2,124	9,488	1,237
New Jersey	1	2,197,754	2,1,	D+7	116778	136239	1.0	1.0	0.0	0.0	1.0	732,585	0.4951460743021512	1.2075537049259113E11	1086885.9251751597	884976.6355744075	0.5714292704827686	0.4285707295172314	467,104	350,327	0.524667149	0.079756262	0.263510382	0.115962706	0.000196184	0.001087233	0.011351041	0.003469043	893,239	135,784	448,623	197,425	334	1,851	19,325	5,906
New Jersey	2	2,197,903	2,1,	D+2	42434	157156	1.0	0.0	1.0	0.0	1.0	732,634	0.8681118693566374	9.184251973992404E11	939501.7302465176	3608914.1601963737	0.5225001749872207	0.4774998250127794	492,679	450,247	0.736946077	0.121495696	0.090774521	0.036288376	0.000239057	0.001857108	0.011043136	0.001356030	1,251,585	206,341	154,166	61,630	406	3,154	18,755	2,303
New Jersey	3	2,195,776	2,1,	D+2	35560	149965	1.0	0.0	1.0	0.0	1.0	731,925	0.4561453050811789	3.172179884671781E11	2084034.9423608938	1162872.387163097	0.5197601662610165	0.48023983373898355	467,675	432,115	0.637045316	0.096923124	0.139927842	0.111155994	0.000264694	0.001077384	0.011230600	0.002375046	1,061,364	161,481	233,130	185,194	441	1,795	18,711	3,957
New Jersey	4	2,200,461	2,1,	D+3	46720	152497	1.0	0.0	1.0	0.0	1.0	733,487	0.44696794943046647	4.706220736271303E11	2231419.137289535	1874773.2029892681	0.5255301499381951	0.4744698500618048	480,848	434,129	0.568375327	0.198309415	0.155577245	0.061481040	0.000230151	0.001195339	0.010823724	0.004007760	943,378	329,150	258,224	102,045	382	1,984	17,965	6,652
New Mexico	1	2,059,179	1,2,	R+0	5986	124404	1.0	0.0	1.0	0.0	1.0	686,393	1.2298592117267204	2.556113859498655E13	0.0	2.1547955351523157E7	0.4959908684241199	0.5040091315758801	370,218	376,203	0.452998915	0.017820756	0.422799767	0.013603314	0.000640698	0.079170039	0.011257333	0.001709178	697,848	27,453	651,326	20,956	987	121,962	17,342	2,633
New York	1	3,588,762	4,1,	D+29	188760	110793	4.0	0.0	0.0	1.0	0.0	717,752	0.3771879849830414	2.085095424418776E10	663804.3981472807	226218.24909698998	0.7851859473735041	0.21481405262649594	869,924	237,997	0.420648688	0.134288590	0.259833936	0.163768191	0.000337614	0.001359984	0.015865123	0.003897873	1,235,979	394,576	763,462	481,195	992	3,996	46,616	11,453
New York	2	3,588,750	3,2,	D+8	198540	130975	2.0	1.0	0.0	0.0	2.0	717,750	0.4368574148725521	5.233373734213839E11	1749851.9454359836	2840128.6249002866	0.5757932293483979	0.4242067706516021	754,140	555,601	0.537994058	0.160732368	0.187653313	0.087811610	0.000310628	0.002059091	0.015613952	0.007824981	1,479,092	441,897	515,910	241,418	854	5,661	42,927	21,513
New York	3	3,586,285	3,2,	D+1	45752	153499	2.0	0.0	1.0	0.0	2.0	717,257	0.6872540517253879	3.771580486213338E12	3389069.0084130657	6553767.206080678	0.5149027903276978	0.48509720967230213	790,366	744,615	0.842616146	0.082549986	0.035396761	0.023123313	0.000216453	0.004947661	0.010266334	0.000883345	2,355,161	230,732	98,936	64,631	605	13,829	28,695	2,469
New York	4	2,153,884	1,2,	R+1	12952	143076	1.0	0.0	1.0	0.0	1.0	717,961	0.4063352467391508	5.683130452918316E12	8015984.697479209	6988477.895539605	0.49245677981205727	0.5075432201879427	422,751	435,702	0.881226010	0.040884410	0.042204964	0.018711905	0.000316648	0.004405801	0.010334361	0.001915901	1,486,111	68,948	71,175	31,556	534	7,430	17,428	3,231
New York	5	2,153,421	2,1,	D+19	192546	115761	2.0	0.0	0.0	1.0	0.0	717,807	0.33321571377254755	1.0257262071690843E11	1577248.149270517	519388.7092658817	0.6947229597037532	0.3052770402962468	482,524	212,032	0.353270324	0.215812394	0.368265734	0.046023287	0.000238318	0.001653951	0.010848430	0.003887561	569,222	347,737	593,384	74,157	384	2,665	17,480	6,264
New York	6	2,153,560	2,1,	D+2	36674	146351	1.0	0.0	1.0	0.0	1.0	717,853	0.29284719274583404	1.3185480366721409E12	4984388.077478434	3383460.590680371	0.5208810456295632	0.47911895437043683	457,382	420,711	0.758945224	0.082480500	0.107432317	0.036455847	0.000223764	0.001598663	0.011219904	0.001643781	1,244,762	135,278	176,202	59,792	367	2,622	18,402	2,696
New York	7	2,153,440	2,1,	D+17	189520	98223	2.0	0.0	0.0	1.0	0.0	717,813	0.5565405429398932	5.211469224735935E10	574015.2210339465	681002.8786172075	0.672542781270415	0.32745721872958505	396,353	192,982	0.445855359	0.291703491	0.138007297	0.102472704	0.000285409	0.001800034	0.014330450	0.005545256	727,969	476,278	225,331	167,312	466	2,939	23,398	9,054
North Carolina	1	3,517,203	2,3,	R+9	235232	131688	1.0	1.0	0.0	0.0	3.0	703,441	0.3897803000505755	2.7848824171947036E12	4075970.9620069205	7199263.974601716	0.4106859041290935	0.5893140958709066	540,822	776,053	0.740702358	0.154870993	0.067722652	0.020969411	0.000417805	0.004974999	0.009385366	0.000956416	1,992,676	416,642	182,191	56,413	1,124	13,384	25,249	2,573
North Carolina	2	3,719,735	2,3,	R+7	169296	126524	2.0	0.0	0.0	1.0	2.0	743,947	0.7353369057133271	6.667659522457705E12	3657678.2972929	9355792.29828495	0.43309732806629014	0.5669026719337099	547,966	717,260	0.626436451	0.258935965	0.068548311	0.012031858	0.000755562	0.021532084	0.010835671	0.000924099	1,754,376	725,167	191,974	33,696	2,116	60,302	30,346	2,588
North Carolina	3	2,298,545	1,2,	R+2	30780	150371	1.0	0.0	1.0	0.0	1.0	766,182	0.3558601568567712	1.872940220297244E12	5860232.167783634	3029768.7199597955	0.4829426871183732	0.5170573128816268	435,722	466,501	0.690443333	0.192259807	0.067023779	0.035409474	0.000312530	0.003181453	0.010231811	0.001137813	1,217,273	338,960	118,165	62,428	551	5,609	18,039	2,006
North Dakota	1	672,591	0,1,	R+14	85580	153572	0.0	0.0	0.0	0.0	1.0	672,591	0.9168873183201779	1.4782657636465193E13	0.0	1.8978502659942824E7	0.36068423931445837	0.6393157606855416	110,782	196,362	0.910020661	0.009865702	0.015426997	0.010642409	0.000418962	0.043591215	0.009657178	0.000376875	475,686	5,157	8,064	5,563	219	22,786	5,048	197
Ohio	1	3,605,052	3,2,	D+4	133198	177117	2.0	0.0	1.0	0.0	2.0	721,010	0.32967871432588847	3.4431165121462817E12	7151902.719617402	5738878.416876294	0.537601430929856	0.46239856907014404	952,176	818,980	0.818472867	0.118409184	0.037593650	0.013498779	0.000188731	0.001760884	0.009403575	0.000672331	2,259,432	326,874	103,779	37,264	521	4,861	25,959	1,856
Ohio	2	3,605,050	2,3,	R+5	168224	172442	2.0	0.0	0.0	1.0	2.0	721,010	0.414200830067612	1.789951922743023E12	5545167.671388708	2432038.3363178936	0.45122309067143274	0.5487769093285673	778,090	946,312	0.794720935	0.141037609	0.024665795	0.024353159	0.000400919	0.001872169	0.011970283	0.000979131	2,178,493	386,613	67,614	66,757	1,099	5,132	32,813	2,684
Ohio	3	2,163,484	2,1,	D+5	112288	180224	1.0	1.0	0.0	0.0	1.0	721,161	0.4044659569916946	1.1212969522825007E12	4873317.066789461	1372031.35382125	0.5519201282859875	0.44807987171401253	596,810	484,524	0.851520268	0.108823380	0.015020096	0.012674327	0.000192443	0.001681185	0.009470334	0.000617968	1,424,785	182,086	25,132	21,207	322	2,813	15,846	1,034
Ohio	4	2,162,918	1,2,	R+9	168884	156223	1.0	0.0	0.0	0.0	2.0	720,973	0.4466992432511528	3.0889671148986655E12	5551215.68446968	5027565.530396224	0.4099130720516191	0.5900869279483809	384,223	553,105	0.900009627	0.059752498	0.013735170	0.012435790	0.000274102	0.002386592	0.010723722	0.000682497	1,467,715	97,443	22,399	20,280	447	3,892	17,488	1,113
Oklahoma	1	3,751,351	2,3,	R+16	128828	146158	1.0	0.0	1.0	0.0	3.0	750,270	0.5555421357773732	1.4705216032324111E13	0.0	2.431760899276365E7	0.3440712929545182	0.6559287070454818	502,886	958,689	0.728466856	0.069301145	0.070687196	0.017340702	0.000957229	0.073673355	0.038938436	0.000635082	2,055,504	195,546	199,457	48,930	2,701	207,883	109,872	1,792
Oregon	1	3,831,074	3,2,	D+2	76350	180919	2.0	0.0	1.0	0.0	2.0	766,215	1.0257211510794702	2.0500044998360383E13	0.0	2.1130336841988925E7	0.5211000888256061	0.4788999111743939	942,755	866,408	0.801370492	0.015463909	0.088854397	0.038551401	0.002902983	0.010495273	0.020557387	0.021804158	2,432,835	46,946	269,748	117,036	8,813	31,862	62,409	66,194
Pennsylvania	1	3,535,647	3,2,	D+7	221618	159782	2.0	1.0	0.0	0.0	2.0	707,129	0.5223040073204895	6.238212065680702E11	2689167.350223315	1579939.8571954318	0.5693501922317471	0.43064980776825296	909,714	688,097	0.746041140	0.114585001	0.083560188	0.043079421	0.000240199	0.001307997	0.009706485	0.001479568	2,021,958	310,554	226,469	116,756	651	3,545	26,307	4,010
Pennsylvania	2	3,506,875	2,3,	R+4	106924	144302	2.0	0.0	1.0	0.0	2.0	701,375	0.3752441362981714	5.654957463115523E12	7342463.63626161	8558582.976052886	0.46295142587270643	0.5370485741272936	668,044	774,967	0.921062139	0.034523719	0.023275086	0.012274418	0.000188771	0.001195427	0.006888863	0.000591577	2,551,857	95,650	64,485	34,007	523	3,312	19,086	1,639
Pennsylvania	3	3,528,639	3,2,	D+3	84830	152199	2.0	0.0	1.0	0.0	2.0	705,728	0.27311077182355525	1.3954291497852876E12	6835582.508315135	1569749.025653579	0.5278679563016884	0.47213204369831163	803,405	718,576	0.743933538	0.157816308	0.052635725	0.032957921	0.000237060	0.001556461	0.009930135	0.000932851	2,030,394	430,723	143,657	89,951	647	4,248	27,102	2,546
Pennsylvania	4	2,131,218	2,1,	D+1	10112	159548	1.0	0.0	1.0	0.0	1.0	710,406	0.3195501194835705	2.0004037703839556E12	6615392.982915356	3005343.521620038	0.5052805976947136	0.49471940230528644	483,694	473,584	0.886433350	0.074663544	0.014592856	0.014094075	0.000169397	0.001210484	0.008137532	0.000698763	1,507,067	126,939	24,810	23,962	288	2,058	13,835	1,188
Rhode Island	1	1,052,567	1,1,	D+11	123582	107145	1.0	0.0	0.0	1.0	0.0	526,284	0.7371451916808172	3.3906130123541895E11	0.0	3205577.3611788675	0.6058234576283842	0.3941765423716158	259,642	168,935	0.784948472	0.044217146	0.100627414	0.027910551	0.000285080	0.003483919	0.015462044	0.023065374	660,823	37,225	84,715	23,497	240	2,933	13,017	19,418
South Carolina	1	2,512,768	2,2,	R+6	107462	105129	1.0	0.0	1.0	0.0	2.0	628,192	0.647150969684911	4.3874827574294604E12	2906421.746457732	8431668.31583945	0.43888669580560935	0.5611133041943906	369,116	471,912	0.638783034	0.291825061	0.043322856	0.011386291	0.000528801	0.004288357	0.008987026	0.000878575	1,234,560	564,003	83,729	22,006	1,022	8,288	17,369	1,698
South Carolina	2	2,112,596	1,2,	R+11	157310	115170	1.0	0.0	0.0	0.0	2.0	704,199	0.6019963097205097	2.3432531249581973E12	2906421.7464577327	5449932.388211578	0.38617530860624305	0.613824691393757	266,851	424,159	0.701647733	0.228808813	0.043695785	0.014073805	0.000334943	0.002682645	0.008057238	0.000699038	1,131,207	368,889	70,447	22,690	540	4,325	12,990	1,127
South Dakota	1	814,180	0,1,	R+11	71772	165148	0.0	0.0	0.0	0.0	1.0	814,180	0.9949631916323538	1.6216156133362172E13	0.0	1.908157066470927E7	0.39135199941870324	0.6086480005812968	129,262	201,034	0.878449352	0.010430450	0.021127509	0.009031982	0.000387646	0.069225019	0.010952218	0.000395824	537,069	6,377	12,917	5,522	237	42,323	6,696	242
Tennessee	1	2,115,729	1,2,	R+16	259190	133650	1.0	0.0	0.0	0.0	2.0	705,243	0.4904178435655954	2.865776826326281E12	2765471.146850741	7738376.28790991	0.33838930526630834	0.6616106947336916	271,351	530,539	0.918567668	0.035361611	0.024759949	0.009064201	0.000322342	0.002683766	0.008744274	0.000496189	1,521,724	58,581	41,018	15,016	534	4,446	14,486	822
Tennessee	2	2,115,227	1,2,	R+0	7772	134479	1.0	0.0	1.0	0.0	1.0	705,076	0.5059329367330562	3.638484474209429E12	3058523.0959626934	8597246.088761704	0.49518506216661046	0.5048149378333895	399,547	407,317	0.643308757	0.293579084	0.036750053	0.013875059	0.000530785	0.002645067	0.008730431	0.000580763	1,016,864	464,054	58,090	21,932	839	4,181	13,800	918
Tennessee	3	2,115,149	1,2,	R+5	78540	131781	1.0	0.0	0.0	1.0	1.0	705,050	0.4702479628924885	2.3277257846425073E12	5823994.242813433	2750566.3112584087	0.45033502892454325	0.5496649710754568	356,070	434,608	0.774423223	0.141380296	0.051400081	0.018812016	0.000399306	0.002714535	0.010081851	0.000788691	1,248,989	228,018	82,898	30,340	644	4,378	16,260	1,272
Texas	1	3,495,695	2,3,	R+13	146092	109132	1.0	0.0	1.0	0.0	3.0	699,139	0.3060767916170878	4.2381801183692847E12	1.0379496638797387E7	3748740.6604916127	0.36693445298375416	0.6330655470162458	400,433	690,860	0.539847966	0.170241592	0.244378765	0.029021478	0.000973011	0.004316769	0.010281577	0.000938843	1,358,759	428,486	615,084	73,045	2,449	10,865	25,878	2,363
Texas	2	3,485,958	2,3,	R+5	99278	91015	2.0	0.0	0.0	1.0	2.0	697,192	0.34957288829975286	2.2417129298088092E11	2838742.886637517	0.0	0.445460918254556	0.554539081745444	405,422	504,696	0.341182340	0.188994510	0.364786908	0.090736336	0.000490555	0.001947931	0.010063911	0.001797510	859,642	476,190	919,116	228,619	1,236	4,908	25,357	4,529
Texas	3	3,491,118	2,3,	R+13	153418	106426	1.0	0.0	1.0	0.0	3.0	698,224	0.22278027270041756	2.0820459090239663E12	7120726.411056012	4955119.412274441	0.3720771807508539	0.6279228192491462	395,985	668,270	0.601334018	0.103269812	0.206042062	0.070542696	0.000569651	0.004555249	0.012392064	0.001294448	1,534,869	263,590	525,910	180,056	1,454	11,627	31,630	3,304
Texas	4	3,482,678	2,3,	R+13	140154	105347	1.0	0.0	1.0	0.0	3.0	696,536	0.2979682928569454	5.730322927990116E12	1.3315127257941755E7	2974057.455315385	0.3665213008123907	0.6334786991876092	386,106	667,328	0.540978135	0.123897384	0.290159947	0.031310849	0.000552854	0.003029310	0.008869221	0.001202300	1,377,755	315,540	738,975	79,742	1,408	7,715	22,588	3,062
Texas	5	3,482,210	2,3,	R+11	196734	105700	1.0	1.0	0.0	0.0	3.0	696,442	0.3231201663925955	1.2525353147550994E13	1.8345429585315693E7	4967147.985830371	0.39306240805301823	0.6069375919469818	415,465	641,530	0.525788154	0.059752129	0.371675901	0.025486944	0.001404750	0.003340662	0.011283449	0.001268011	1,365,047	155,128	964,942	66,169	3,647	8,673	29,294	3,292
Texas	6	3,490,039	2,3,	R+13	165880	116639	1.0	0.0	1.0	0.0	3.0	698,008	0.222511443848568	7.995949163842711E12	1.4887444273518372E7	8483722.99866746	0.3711081675433069	0.6288918324566931	432,855	733,530	0.653221018	0.137595675	0.172174488	0.022388378	0.000522172	0.003864152	0.009360237	0.000873879	1,697,564	357,578	447,440	58,182	1,357	10,042	24,325	2,271
Texas	7	2,094,029	1,2,	R+1	5602	69463	1.0	0.0	1.0	0.0	1.0	698,010	0.3672440401016603	5.129016032221118E12	8050351.379401653	6929964.806718466	0.4932793957454568	0.5067206042545432	205,588	211,190	0.159450994	0.011160329	0.816336099	0.008278243	0.000286940	0.001308501	0.002416779	0.000762117	226,168	15,830	1,157,905	11,742	407	1,856	3,428	1,081
Texas	8	2,123,834	1,2,	R+18	176158	98705	0.0	1.0	0.0	0.0	2.0	707,945	0.3913327073814069	1.8617566502268156E13	9097276.830381123	2.0471382384166766E7	0.3153908889665618	0.6846091110334382	186,783	405,444	0.427853325	0.041773976	0.505529139	0.012683112	0.000623278	0.004031052	0.006654828	0.000851290	654,880	63,940	773,772	19,413	954	6,170	10,186	1,303
Utah	1	2,763,885	1,3,	R+23	196890	112849	0.0	1.0	0.0	0.0	3.0	690,971	1.2630174664933898	1.775824843889805E13	0.0	1.7723074134128533E7	0.26595464222654963	0.7340453577734504	240,098	662,680	0.826035550	0.008667845	0.113317534	0.022060820	0.007776072	0.009740826	0.011193655	0.001207698	1,563,568	16,407	214,494	41,758	14,719	18,438	21,188	2,286
Vermont	1	625,741	1,0,	D+10	62891	152622	1.0	0.0	0.0	0.0	0.0	625,741	0.6507697661285501	2.0182099807124412E12	0.0	8323637.524276005	0.6030179234249434	0.3969820765750566	184,067	121,176	0.951765128	0.007734014	0.012745011	0.011834653	0.000235646	0.003260773	0.011725894	0.000698881	472,559	3,840	6,328	5,876	117	1,619	5,822	347
Virginia	1	3,636,445	2,3,	R+2	45538	128384	2.0	0.0	1.0	0.0	2.0	727,289	0.46565510890626977	1.9738357773267424E12	4062401.78879231	4314677.555433737	0.4822659845272331	0.5177340154727669	619,135	664,669	0.657251838	0.115531614	0.111548580	0.094199075	0.000670869	0.002040605	0.017024797	0.001732623	1,807,551	317,731	306,777	259,063	1,845	5,612	46,821	4,765
Virginia	2	2,183,130	1,2,	R+4	59246	124269	1.0	0.0	1.0	0.0	1.0	727,710	0.5179639322765421	2.451994940715717E12	3442508.878218778	5693789.866987171	0.46027124245244805	0.5397287575475519	343,181	402,425	0.597245588	0.308198208	0.042646550	0.029653029	0.000975409	0.003912971	0.016307525	0.001060720	1,001,115	516,608	71,485	49,705	1,635	6,559	27,335	1,778
Virginia	3	2,181,449	1,2,	R+8	123484	131719	1.0	0.0	0.0	1.0	1.0	727,150	0.3430540395736296	4.472874470862802E12	4635934.900126136	1.088569712636572E7	0.4218769572990886	0.5781230427009114	333,414	456,897	0.769754939	0.174713910	0.028237114	0.014742917	0.000277752	0.002325444	0.009198344	0.000749581	1,324,719	300,676	48,595	25,372	478	4,002	15,830	1,290
Washington	1	3,362,288	2,3,	R+5	126764	124763	2.0	0.0	0.0	1.0	2.0	672,458	0.6469001737668602	1.181739363038901E13	6015363.344270532	1.218112103003031E7	0.44919837960625136	0.5508016203937486	560,419	687,179	0.781983360	0.025335512	0.109100057	0.040175719	0.005193772	0.013897997	0.023099366	0.001214217	1,952,033	63,244	272,342	100,289	12,965	34,693	57,662	3,031
Washington	2	3,362,252	3,2,	D+12	235650	144518	3.0	0.0	0.0	1.0	1.0	672,450	0.3792489828666697	3.179174216533038E12	6015363.344270537	5664320.752384737	0.6184697632514555	0.38153023674854447	893,789	551,373	0.742094890	0.039643330	0.069519484	0.103396882	0.005167124	0.011288940	0.027160553	0.001728797	1,964,271	104,933	184,013	273,684	13,677	29,881	71,892	4,576
West Virginia	1	1,852,994	1,2,	R+6	23848	34185	1.0	0.0	0.0	1.0	1.0	617,665	0.3385566589623201	5.054526206101846E12	0.0	1.826283581578798E7	0.4418653405489737	0.5581346594510262	90,631	114,479	0.939426546	0.032832142	0.010073855	0.006703849	0.000208109	0.001980109	0.008387828	0.000387561	1,376,801	48,118	14,764	9,825	305	2,902	12,293	568
Wisconsin	1	3,554,321	3,2,	D+1	46082	174256	2.0	0.0	1.0	0.0	2.0	710,864	0.63637400344837	1.2368860241382146E13	3105840.918159868	1.66966993807633E7	0.5132220629402333	0.4867779370597667	894,311	848,231	0.921280294	0.015114435	0.027649104	0.017659901	0.000264180	0.010305927	0.007333540	0.000392621	2,524,823	41,422	75,774	48,398	724	28,244	20,098	1,076
Wisconsin	2	2,132,665	1,2,	R+1	21486	182961	1.0	0.0	1.0	0.0	1.0	710,888	0.6703378161746297	1.351982469910283E12	3105840.9181598686	2571348.4827322387	0.4902141901302922	0.5097858098697078	538,139	559,624	0.764716681	0.120169142	0.077195406	0.023779431	0.000296216	0.003842719	0.009355077	0.000645328	1,228,850	193,104	124,048	38,212	476	6,175	15,033	1,037
Wyoming	1	563,626	0,1,	R+21	91052	109718	0.0	0.0	0.0	0.0	1.0	563,626	1.3746117856988278	2.0479444078871938E13	0.0	1.8243691458350874E7	0.2925317632475984	0.7074682367524016	64,192	155,244	0.879282805	0.007624514	0.074890711	0.008156946	0.000616500	0.018130698	0.010653303	0.000644522	376,530	3,265	32,070	3,493	264	7,764	4,562	276