1,2016,34.36,62.08
1,2012,38.36,60.55
1,2008,38.74,60.32
1,2004,36.84,62.46
1,2000,41.59,56.47
1,1996,43.16,50.12
1,1992,40.88,47.65
1,1988,39.86,59.17
1,1984,38.28,60.54
1,1980,47.45,48.75
1,1976,55.73,42.61
1,1972,25.54,72.43
1,1968,18.72,13.99
1,1964,0.00,69.45
1,1960,56.39,42.16
1,1956,56.52,39.39
1,1952,64.55,35.02
1,1948,0.00,19.04
1,1944,81.28,18.20
1,1940,85.22,14.34
1,1936,86.38,12.82
1,1932,84.74,14.13
1,1928,51.33,48.49
1,1924,69.69,25.02
1,1920,61.68,37.11
1,1916,76.04,21.92
1,1912,69.94,8.24
1,1908,70.88,24.18
1,1904,73.37,20.65
1,1900,60.82,34.82
1,1896,66.96,28.61
1,1892,59.40,3.95
1,1888,67.00,32.66
1,1884,60.37,38.69
1,1880,59.99,37.10
1,1876,59.98,40.02
1,1872,46.81,53.19
1,1868,48.75,51.25
1,1860,15.11,0.00
1,1856,62.08,0.00
2,2016,36.55,51.28
2,2012,40.81,54.80
2,2008,37.89,59.42
2,2004,35.52,61.07
2,2000,27.67,58.62
2,1996,33.27,50.80
2,1992,30.29,39.46
2,1988,36.27,59.59
2,1984,29.87,66.65
2,1980,26.41,54.35
2,1976,35.65,57.90
2,1972,34.62,58.13
2,1968,42.65,45.28
2,1964,65.91,34.09
2,1960,49.06,50.94
4,2016,44.58,48.08
4,2012,44.45,53.48
4,2008,44.91,53.39
4,2004,44.32,54.77
4,2000,44.67,50.95
4,1996,46.52,44.29
4,1992,36.52,38.47
4,1988,38.74,59.95
4,1984,32.54,66.42
4,1980,28.24,60.61
4,1976,39.80,56.37
4,1972,30.38,61.64
4,1968,35.02,54.78
4,1964,49.45,50.45
4,1960,44.36,55.52
4,1956,38.90,60.99
4,1952,41.65,58.35
4,1948,53.79,43.82
4,1944,58.80,40.90
4,1940,63.49,36.01
4,1936,69.85,26.93
4,1932,67.03,30.53
4,1928,42.23,57.57
4,1924,35.47,41.26
4,1920,44.39,55.61
4,1916,57.17,35.37
4,1912,43.52,12.74
5,2016,33.65,60.57
5,2012,36.88,60.57
5,2008,38.86,58.72
5,2004,44.55,54.31
5,2000,45.86,51.31
5,1996,53.74,36.80
5,1992,53.21,35.48
5,1988,42.19,56.37
5,1984,38.29,60.47
5,1980,47.52,48.13
5,1976,64.94,34.93
5,1972,30.71,68.82
5,1968,30.33,31.01
5,1964,56.06,43.41
5,1960,50.19,43.06
5,1956,52.46,45.82
5,1952,55.90,43.76
5,1948,61.72,21.02
5,1944,69.95,29.84
5,1940,79.02,20.98
5,1936,81.80,17.86
5,1932,85.96,12.91
5,1928,60.29,39.33
5,1924,61.21,29.28
5,1920,58.49,38.73
5,1916,65.97,28.73
5,1912,55.01,20.45
5,1908,57.31,37.30
5,1904,55.35,40.25
5,1900,63.46,35.04
5,1896,73.72,25.12
5,1892,59.30,31.78
5,1888,54.80,38.04
5,1884,57.83,40.70
5,1880,56.13,38.66
5,1876,59.92,39.87
5,1872,47.83,52.17
5,1868,46.32,53.68
5,1860,9.89,0.00
5,1856,67.12,0.00
6,2016,61.48,31.49
6,2012,60.16,37.07
6,2008,60.92,36.90
6,2004,54.30,44.36
6,2000,53.45,41.65
6,1996,51.10,38.21
6,1992,46.01,32.61
6,1988,47.56,51.13
6,1984,41.27,57.51
6,1980,35.91,52.69
6,1976,47.57,49.35
6,1972,41.54,55.00
6,1968,44.74,47.82
6,1964,59.11,40.79
6,1960,49.55,50.10
6,1956,44.27,55.39
6,1952,42.27,56.83
6,1948,47.57,47.13
6,1944,56.48,42.97
6,1940,57.44,41.34
6,1936,66.95,31.70
6,1932,58.39,37.39
6,1928,34.19,64.69
6,1924,8.23,57.20
6,1920,24.28,66.20
6,1916,46.65,46.27
6,1912,41.81,0.58
6,1908,32.98,55.46
6,1904,26.94,61.84
6,1900,41.25,54.37
6,1896,48.51,49.16
6,1892,43.83,43.78
6,1888,46.84,49.66
6,1884,45.33,51.97
6,1880,48.98,48.89
6,1876,49.08,50.88
6,1872,42.51,56.38
6,1868,49.76,50.24
6,1864,41.40,58.60
6,1860,31.71,32.32
6,1856,48.38,18.78
8,2016,48.16,43.25
8,2012,51.45,46.09
8,2008,53.66,44.71
8,2004,47.02,51.69
8,2000,42.39,50.75
8,1996,44.43,45.80
8,1992,40.13,35.87
8,1988,45.28,53.06
8,1984,35.12,63.44
8,1980,31.07,55.07
8,1976,42.58,54.05
8,1972,34.59,62.61
8,1968,41.32,50.46
8,1964,61.27,38.19
8,1960,44.91,54.63
8,1956,39.81,59.49
8,1952,38.96,60.27
8,1948,51.88,46.52
8,1944,46.40,53.21
8,1940,48.37,50.92
8,1936,60.37,37.09
8,1932,54.81,41.43
8,1928,33.94,64.72
8,1924,21.98,57.02
8,1920,35.93,59.32
8,1916,60.74,34.75
8,1912,42.80,21.88
8,1908,48.00,46.88
8,1904,41.08,55.26
8,1900,55.43,42.04
8,1896,84.95,13.86
8,1892,0.00,41.13
8,1888,40.84,55.22
8,1884,41.68,54.25
8,1880,46.03,51.26
9,2016,54.57,40.93
9,2012,58.06,40.72
9,2008,60.59,38.22
9,2004,54.31,43.95
9,2000,55.91,38.44
9,1996,52.83,34.69
9,1992,42.21,35.78
9,1988,46.87,51.98
9,1984,38.83,60.73
9,1980,38.52,48.16
9,1976,46.90,52.06
9,1972,40.13,58.57
9,1968,49.48,44.32
9,1964,67.81,32.09
9,1960,53.73,46.27
9,1956,36.26,63.72
9,1952,43.91,55.70
9,1948,47.91,49.55
9,1944,52.30,46.94
9,1940,53.44,46.30
9,1936,55.32,40.35
9,1932,47.40,48.54
9,1928,45.57,53.63
9,1924,27.53,61.54
9,1920,33.03,62.72
9,1916,46.66,49.80
9,1912,39.16,35.88
9,1908,35.92,59.43
9,1904,38.15,58.12
9,1900,41.07,56.92
9,1896,32.54,63.24
9,1892,50.06,46.80
9,1888,48.66,48.44
9,1884,48.95,48.01
9,1880,48.50,50.51
9,1876,50.70,48.33
9,1872,47.59,52.41
9,1868,48.51,51.49
9,1864,48.62,51.38
9,1860,21.50,53.86
9,1856,43.57,53.18
10,2016,53.09,41.71
10,2012,58.61,39.98
10,2008,61.91,36.93
10,2004,53.34,45.74
10,2000,54.96,41.90
10,1996,51.78,36.54
10,1992,43.51,35.31
10,1988,43.48,55.88
10,1984,39.93,59.78
10,1980,44.87,47.21
10,1976,51.98,46.57
10,1972,39.18,59.60
10,1968,41.61,45.12
10,1964,60.95,38.78
10,1960,50.63,49.00
10,1956,44.62,55.09
10,1952,47.88,51.75
10,1948,48.76,50.04
10,1944,54.38,45.27
10,1940,54.70,45.05
10,1936,54.62,44.85
10,1932,48.11,50.55
10,1928,34.60,65.03
10,1924,36.80,57.70
10,1920,42.07,55.71
10,1916,47.78,50.20
10,1912,46.48,32.85
10,1908,45.94,52.10
10,1904,44.11,54.05
10,1900,44.90,53.67
10,1896,43.10,53.18
10,1892,49.90,48.55
10,1888,55.15,43.51
10,1884,56.55,43.20
10,1880,51.53,48.03
10,1876,55.45,44.55
10,1872,46.76,51.00
10,1868,59.00,41.00
10,1864,51.81,48.19
10,1860,6.61,23.72
10,1856,54.83,2.12
11,2016,90.86,4.09
11,2012,90.91,7.28
11,2008,92.46,6.53
11,2004,89.18,9.34
11,2000,85.16,8.95
11,1996,85.19,9.34
11,1992,84.64,9.10
11,1988,82.65,14.30
11,1984,85.38,13.73
11,1980,74.89,13.41
11,1976,81.63,16.51
11,1972,78.10,21.56
11,1968,81.82,18.18
11,1964,85.50,14.50
12,2016,47.41,48.59
12,2012,49.90,49.03
12,2008,50.91,48.10
12,2004,47.09,52.10
12,2000,48.84,48.85
12,1996,48.02,42.32
12,1992,39.00,40.89
12,1988,38.51,60.87
12,1984,34.66,65.32
12,1980,38.50,55.52
12,1976,51.93,46.64
12,1972,27.80,71.91
12,1968,30.93,40.53
12,1964,51.15,48.85
12,1960,48.49,51.51
12,1956,42.73,57.27
12,1952,44.97,54.99
12,1948,48.82,33.63
12,1944,70.32,29.68
12,1940,74.01,25.99
12,1936,76.08,23.90
12,1932,74.68,25.04
12,1928,40.12,56.83
12,1924,56.88,28.06
12,1920,62.13,30.79
12,1916,69.34,18.10
12,1912,69.52,8.42
12,1908,63.01,21.58
12,1904,68.80,21.15
12,1900,71.31,18.55
12,1896,70.46,24.30
12,1892,85.01,0.00
12,1888,59.48,39.89
12,1884,52.96,46.73
12,1880,54.17,45.83
12,1876,49.01,50.99
12,1872,46.48,53.52
12,1860,1.68,0.00
12,1856,56.81,0.00
13,2016,45.35,50.44
13,2012,45.39,53.19
13,2008,46.90,52.10
13,2004,41.34,57.93
13,2000,42.98,54.67
13,1996,45.84,47.01
13,1992,43.47,42.88
13,1988,39.50,59.75
13,1984,39.79,60.17
13,1980,55.76,40.95
13,1976,66.74,32.96
13,1972,24.65,75.04
13,1968,26.75,30.40
13,1964,45.87,54.12
13,1960,62.54,37.43
13,1956,66.48,32.65
13,1952,69.66,30.34
13,1948,60.81,18.31
13,1944,81.74,18.25
13,1940,84.85,14.83
13,1936,87.10,12.60
13,1932,91.60,7.77
13,1928,56.56,43.36
13,1924,73.96,18.19
13,1920,72.06,27.63
13,1916,79.51,7.03
13,1912,76.63,4.27
13,1908,54.60,31.21
13,1904,63.72,18.33
13,1900,66.86,28.22
13,1896,57.78,36.56
13,1892,58.01,21.70
13,1888,70.31,28.33
13,1884,65.92,33.84
13,1880,65.41,34.59
13,1876,72.03,27.97
13,1872,54.97,45.03
13,1868,64.27,35.73
13,1860,10.85,0.00
13,1856,57.14,0.00
15,2016,62.22,30.04
15,2012,70.55,27.84
15,2008,71.85,26.58
15,2004,54.01,45.26
15,2000,55.79,37.46
15,1996,56.93,31.64
15,1992,48.09,36.70
15,1988,54.27,44.75
15,1984,43.82,55.10
15,1980,44.80,42.90
15,1976,50.59,48.06
15,1972,37.52,62.48
15,1968,59.83,38.70
15,1964,78.76,21.24
15,1960,50.03,49.97
16,2016,27.48,59.25
16,2012,32.40,64.09
16,2008,35.91,61.21
16,2004,30.26,68.38
16,2000,27.64,67.17
16,1996,33.65,52.18
16,1992,28.42,42.03
16,1988,36.01,62.08
16,1984,26.39,72.36
16,1980,25.19,66.46
16,1976,37.12,59.88
16,1972,26.04,64.24
16,1968,30.66,56.79
16,1964,50.92,49.08
16,1960,46.22,53.78
16,1956,38.78,61.17
16,1952,34.42,65.42
16,1948,49.98,47.26
16,1944,51.55,48.07
16,1940,54.36,45.31
16,1936,62.96,33.19
16,1932,58.66,38.27
16,1928,34.93,64.22
16,1924,16.36,47.12
16,1920,34.34,65.60
16,1916,52.04,41.13
16,1912,32.08,31.02
16,1908,37.17,54.09
16,1904,25.46,65.84
16,1900,50.79,46.96
16,1896,78.10,21.32
16,1892,0.00,44.31
17,2016,55.25,38.36
17,2012,57.50,40.66
17,2008,61.83,36.73
17,2004,54.82,44.48
17,2000,54.60,42.58
17,1996,54.32,36.81
17,1992,48.58,34.34
17,1988,48.60,50.69
17,1984,43.30,56.17
17,1980,41.72,49.65
17,1976,48.13,50.10
17,1972,40.51,59.03
17,1968,44.15,47.08
17,1964,59.47,40.53
17,1960,49.98,49.80
17,1956,40.29,59.52
17,1952,44.94,54.84
17,1948,50.07,49.22
17,1944,51.52,48.05
17,1940,50.97,48.54
17,1936,57.70,39.69
17,1932,55.23,42.04
17,1928,42.28,56.93
17,1924,23.36,58.84
17,1920,25.51,67.81
17,1916,43.34,52.56
17,1912,35.34,22.13
17,1908,39.02,54.53
17,1904,30.43,58.77
17,1900,44.44,52.83
17,1896,42.68,55.66
17,1892,48.79,45.70
17,1888,46.58,49.54
17,1884,46.43,50.17
17,1880,44.56,51.11
17,1876,46.66,50.20
17,1872,43.00,56.27
17,1868,44.31,55.69
17,1864,45.58,54.42
17,1860,47.17,50.69
17,1856,44.09,40.23
18,2016,37.46,56.47
18,2012,43.84,54.04
18,2008,49.84,48.81
18,2004,39.26,59.94
18,2000,41.01,56.65
18,1996,41.55,47.13
18,1992,36.79,42.91
18,1988,39.69,59.84
18,1984,37.68,61.67
18,1980,37.65,56.01
18,1976,45.70,53.32
18,1972,33.34,66.11
18,1968,37.99,50.29
18,1964,55.98,43.56
18,1960,44.60,55.03
18,1956,39.70,59.90
18,1952,40.99,58.11
18,1948,48.78,49.58
18,1944,46.73,52.38
18,1940,49.03,50.45
18,1936,56.63,41.89
18,1932,54.67,42.94
18,1928,39.59,59.68
18,1924,38.69,55.25
18,1920,40.49,55.14
18,1916,46.47,47.44
18,1912,43.07,23.11
18,1908,46.91,48.40
18,1904,40.22,53.99
18,1900,46.62,50.60
18,1896,47.96,50.82
18,1892,47.46,46.17
18,1888,48.61,49.05
18,1884,49.46,48.15
18,1880,47.91,49.33
18,1876,48.65,47.39
18,1872,46.59,53.00
18,1868,48.61,51.39
18,1864,46.40,53.60
18,1860,42.44,51.09
18,1856,50.41,40.09
19,2016,41.74,51.15
19,2012,51.99,46.18
19,2008,53.93,44.39
19,2004,49.23,49.90
19,2000,48.54,48.22
19,1996,50.26,39.92
19,1992,43.29,37.27
19,1988,54.71,44.50
19,1984,45.89,53.27
19,1980,38.60,51.31
19,1976,48.46,49.47
19,1972,40.48,57.61
19,1968,40.82,53.01
19,1964,61.88,37.92
19,1960,43.22,56.71
19,1956,40.65,59.06
19,1952,35.59,63.75
19,1948,50.31,47.58
19,1944,47.49,51.99
19,1940,47.62,52.03
19,1936,54.41,42.70
19,1932,57.69,39.98
19,1928,37.57,61.77
19,1924,16.42,55.02
19,1920,25.46,70.91
19,1916,42.89,54.25
19,1912,37.64,24.33
19,1908,40.58,55.62
19,1904,30.71,63.39
19,1900,39.46,58.04
19,1896,42.90,55.47
19,1892,44.31,49.60
19,1888,44.51,52.36
19,1884,47.01,52.25
19,1880,32.80,56.99
19,1876,38.28,58.50
19,1872,32.90,60.81
19,1868,38.08,61.92
19,1864,35.88,64.12
19,1860,43.22,54.61
19,1856,40.70,48.83
20,2016,35.74,56.16
20,2012,38.00,59.59
20,2008,41.55,56.48
20,2004,36.62,62.00
20,2000,37.24,58.04
20,1996,36.08,54.29
20,1992,33.74,38.88
20,1988,42.56,55.79
20,1984,32.60,66.27
20,1980,33.29,57.85
20,1976,44.94,52.49
20,1972,29.50,67.66
20,1968,34.72,54.84
20,1964,54.09,45.06
20,1960,39.10,60.45
20,1956,34.21,65.44
20,1952,30.50,68.77
20,1948,44.61,53.63
20,1944,39.18,60.25
20,1940,42.40,56.86
20,1936,53.67,45.95
20,1932,53.56,44.13
20,1928,27.06,72.02
20,1924,23.60,61.54
20,1920,32.52,64.75
20,1916,49.95,44.09
20,1912,39.30,20.47
20,1908,42.88,52.46
20,1904,26.23,64.81
20,1900,45.96,52.56
20,1896,51.32,47.63
20,1892,0.00,48.40
20,1888,31.03,55.23
20,1884,33.90,58.08
20,1880,29.72,60.40
20,1876,30.53,63.10
20,1872,32.80,66.46
20,1868,31.17,68.82
20,1864,17.78,79.19
21,2016,32.68,62.52
21,2012,37.78,60.47
21,2008,41.15,57.37
21,2004,39.68,59.54
21,2000,41.37,56.50
21,1996,45.84,44.88
21,1992,44.55,41.34
21,1988,43.88,55.52
21,1984,39.37,60.04
21,1980,47.61,49.07
21,1976,52.75,45.57
21,1972,34.77,63.37
21,1968,37.65,43.79
21,1964,64.01,35.65
21,1960,46.41,53.59
21,1956,45.21,54.30
21,1952,49.91,49.84
21,1948,56.74,41.48
21,1944,54.45,45.22
21,1940,57.45,42.30
21,1936,58.51,39.92
21,1932,59.06,40.15
21,1928,40.48,59.36
21,1924,45.98,48.93
21,1920,49.69,49.26
21,1916,51.91,46.50
21,1912,48.48,25.52
21,1908,49.74,48.03
21,1904,49.82,47.13
21,1900,50.21,48.51
21,1896,48.86,48.93
21,1892,51.48,39.74
21,1888,53.30,44.98
21,1884,55.32,42.93
21,1880,55.74,39.87
21,1876,61.41,37.44
21,1872,52.32,46.44
21,1868,74.55,25.45
21,1864,69.83,30.17
21,1860,17.54,0.93
21,1856,52.54,0.00
22,2016,38.45,58.09
22,2012,40.58,57.78
22,2008,39.93,58.56
22,2004,42.22,56.72
22,2000,44.88,52.55
22,1996,52.01,39.94
22,1992,45.58,40.97
22,1988,44.06,54.27
22,1984,38.18,60.77
22,1980,45.75,51.20
22,1976,51.73,45.95
22,1972,28.35,65.32
22,1968,28.21,23.47
22,1964,43.19,56.81
22,1960,50.42,28.59
22,1956,39.51,53.28
22,1952,52.92,47.08
22,1948,32.75,17.45
22,1944,80.59,19.39
22,1940,85.88,14.09
22,1936,88.82,11.16
22,1932,92.79,7.01
22,1928,76.29,23.70
22,1924,76.44,20.23
22,1920,69.24,30.49
22,1916,85.90,6.95
22,1912,76.81,4.84
22,1908,84.63,11.93
22,1904,88.50,9.66
22,1900,79.03,20.96
22,1896,76.38,21.81
22,1892,76.53,23.47
22,1888,73.37,26.46
22,1884,57.22,42.37
22,1880,62.27,37.31
22,1876,48.35,51.65
22,1872,44.31,55.69
22,1868,70.69,29.31
22,1860,15.10,0.00
22,1856,51.70,0.00
23,2016,47.83,44.87
23,2012,56.27,40.98
23,2008,57.71,40.38
23,2004,53.57,44.58
23,2000,49.09,43.97
23,1996,51.62,30.76
23,1992,38.77,30.39
23,1988,43.88,55.34
23,1984,38.78,60.83
23,1980,42.25,45.61
23,1976,48.07,48.91
23,1972,38.48,61.46
23,1968,55.30,43.07
23,1964,68.80,31.14
23,1960,42.95,57.05
23,1956,29.13,70.87
23,1952,33.77,66.05
23,1948,42.27,56.74
23,1944,47.45,52.44
23,1940,48.77,51.10
23,1936,41.52,55.49
23,1932,43.19,55.83
23,1928,30.96,68.63
23,1924,21.83,72.03
23,1920,29.80,68.92
23,1916,46.97,50.99
23,1912,39.43,20.48
23,1908,33.29,63.00
23,1904,28.49,67.44
23,1900,34.84,61.89
23,1896,29.21,67.90
23,1892,41.26,54.05
23,1888,39.35,57.49
23,1884,39.97,55.34
23,1880,45.32,51.46
23,1876,42.65,56.64
23,1872,32.14,67.86
23,1868,37.59,62.41
23,1864,40.93,59.07
23,1860,29.42,62.24
23,1856,35.68,61.34
24,2016,60.33,33.91
24,2012,61.97,35.90
24,2008,61.92,36.47
24,2004,55.91,42.93
24,2000,56.57,40.18
24,1996,54.25,38.27
24,1992,49.80,35.62
24,1988,48.20,51.11
24,1984,47.02,52.51
24,1980,47.14,44.18
24,1976,53.04,46.96
24,1972,37.36,61.26
24,1968,43.59,41.94
24,1964,65.47,34.53
24,1960,53.61,46.39
24,1956,39.96,60.04
24,1952,43.83,55.36
24,1948,48.01,49.40
24,1944,51.85,48.15
24,1940,58.25,40.83
24,1936,62.35,37.04
24,1932,61.50,36.04
24,1928,42.33,57.06
24,1924,41.29,45.29
24,1920,42.16,55.11
24,1916,52.80,44.78
24,1912,48.57,23.69
24,1908,48.59,48.85
24,1904,48.81,48.83
24,1900,46.23,51.50
24,1896,41.62,54.73
24,1892,53.39,43.48
24,1888,50.34,47.40
24,1884,52.07,46.10
24,1880,54.41,45.59
24,1876,56.05,43.95
24,1872,50.34,49.66
24,1868,67.20,32.80
24,1864,44.91,55.09
24,1860,6.45,2.48
24,1856,45.04,0.33
24,1970,48.14,50.71
25,2016,60.01,32.81
25,2012,60.67,37.52
25,2008,61.80,35.99
25,2004,61.94,36.78
25,2000,59.80,32.50
25,1996,61.47,28.09
25,1992,47.54,29.03
25,1988,53.23,45.38
25,1984,48.43,51.22
25,1980,41.75,41.90
25,1976,56.11,40.44
25,1972,54.20,45.23
25,1968,63.01,32.89
25,1964,76.19,23.44
25,1960,60.22,39.55
25,1956,40.37,59.32
25,1952,45.46,54.22
25,1948,54.66,43.16
25,1944,52.80,46.99
25,1940,53.11,46.36
25,1936,51.22,41.76
25,1932,50.64,46.64
25,1928,50.24,49.15
25,1924,24.86,62.26
25,1920,27.84,68.55
25,1916,46.61,50.54
25,1912,35.53,31.95
25,1908,34.04,58.21
25,1904,37.24,57.92
25,1900,37.85,57.59
25,1896,26.32,69.47
25,1892,45.22,51.87
25,1888,44.04,53.42
25,1884,40.33,48.36
25,1880,39.58,58.53
25,1876,41.90,57.80
25,1872,30.69,69.20
25,1868,30.23,69.76
25,1864,27.78,72.22
25,1860,20.23,62.80
25,1856,23.08,63.61
26,2016,47.03,47.25
26,2012,54.04,44.58
26,2008,57.33,40.89
26,2004,51.23,47.81
26,2000,51.28,46.14
26,1996,51.69,38.48
26,1992,43.77,36.38
26,1988,45.67,53.57
26,1984,40.24,59.23
26,1980,42.50,48.99
26,1976,46.44,51.83
26,1972,41.81,56.20
26,1968,48.18,41.46
26,1964,66.70,33.10
26,1960,50.85,48.84
26,1956,44.15,55.63
26,1952,43.97,55.44
26,1948,47.57,49.23
26,1944,50.19,49.18
26,1940,49.52,49.85
26,1936,56.33,38.76
26,1932,52.36,44.44
26,1928,28.92,70.36
26,1924,13.13,75.37
26,1920,22.27,72.76
26,1916,44.05,52.09
26,1912,27.36,27.63
26,1908,32.44,61.93
26,1904,25.79,69.51
26,1900,38.89,58.10
26,1896,43.47,53.77
26,1892,43.26,47.79
26,1888,44.91,49.73
26,1884,47.20,48.02
26,1880,37.27,52.49
26,1876,44.49,52.41
26,1872,35.47,62.66
26,1868,43.02,56.98
26,1864,46.40,53.60
26,1860,41.99,57.23
26,1856,41.52,57.15
27,2016,46.44,44.93
27,2012,52.65,44.96
27,2008,54.06,43.82
27,2004,51.09,47.61
27,2000,47.91,45.50
27,1996,51.10,34.96
27,1992,43.48,31.85
27,1988,52.91,45.90
27,1984,49.72,49.54
27,1980,46.50,42.56
27,1976,54.90,42.02
27,1972,46.07,51.58
27,1968,54.00,41.46
27,1964,63.76,36.00
27,1960,50.58,49.16
27,1956,46.08,53.68
27,1952,44.11,55.33
27,1948,57.16,39.89
27,1944,52.41,46.86
27,1940,51.49,47.66
27,1936,61.84,31.01
27,1932,59.91,36.29
27,1928,40.83,57.77
27,1924,6.80,51.18
27,1920,19.43,70.59
27,1916,46.25,46.35
27,1912,31.84,19.25
27,1908,33.02,59.11
27,1904,18.84,73.98
27,1900,35.69,60.21
27,1896,40.89,56.62
27,1892,37.76,45.96
27,1888,39.65,54.12
27,1884,36.87,58.78
27,1880,35.36,62.28
27,1876,39.16,58.80
27,1872,38.73,61.27
27,1868,39.12,60.88
27,1864,40.94,59.06
27,1860,34.31,63.53
28,2016,40.06,57.86
28,2012,43.79,55.29
28,2008,43.00,56.17
28,2004,39.75,59.44
28,2000,40.70,57.62
28,1996,44.08,49.21
28,1992,40.77,49.68
28,1988,39.07,59.89
28,1984,37.46,61.85
28,1980,48.09,49.42
28,1976,49.56,47.68
28,1972,19.63,78.20
28,1968,23.02,13.52
28,1964,12.86,87.14
28,1960,36.34,24.67
28,1956,58.23,24.46
28,1952,60.44,39.56
28,1948,10.09,2.62
28,1944,93.56,6.44
28,1940,95.70,4.19
28,1936,97.03,2.75
28,1932,95.98,3.55
28,1928,82.10,17.90
28,1924,89.34,7.55
28,1920,83.98,14.03
28,1916,92.78,4.91
28,1912,88.90,2.42
28,1908,90.11,6.52
28,1904,91.07,5.59
28,1900,87.56,9.66
28,1896,91.04,6.92
28,1892,76.22,2.66
28,1888,73.80,25.99
28,1884,64.34,35.66
28,1880,64.71,29.76
28,1876,68.08,31.92
28,1872,36.52,63.48
28,1860,4.75,0.00
28,1856,59.44,0.00
29,2016,37.88,56.39
29,2012,44.28,53.64
29,2008,49.23,49.36
29,2004,46.10,53.30
29,2000,47.08,50.42
29,1996,47.54,41.24
29,1992,44.07,33.92
29,1988,47.85,51.83
29,1984,39.98,60.02
29,1980,44.35,51.16
29,1976,51.10,47.47
29,1972,37.71,62.29
29,1968,43.74,44.87
29,1964,64.05,35.95
29,1960,50.26,49.74
29,1956,50.11,49.89
29,1952,49.14,50.71
29,1948,58.11,41.49
29,1944,51.37,48.43
29,1940,52.27,47.50
29,1936,60.76,38.16
29,1932,63.69,35.08
29,1928,44.15,55.58
29,1924,43.79,49.58
29,1920,43.13,54.56
29,1916,50.59,46.94
29,1912,47.35,29.75
29,1908,48.41,48.50
29,1904,46.02,49.93
29,1900,51.48,45.94
29,1896,53.96,45.25
29,1892,49.56,42.03
29,1888,50.24,45.31
29,1884,53.49,46.02
29,1880,52.51,38.67
29,1876,57.64,41.36
29,1872,55.46,43.65
29,1868,43.04,56.96
29,1864,30.28,69.72
29,1860,35.52,10.28
29,1856,54.43,0.00
30,2016,35.41,55.65
30,2012,41.66,55.30
30,2008,47.11,49.49
30,2004,38.56,59.07
30,2000,33.36,58.44
30,1996,41.23,44.11
30,1992,37.63,35.12
30,1988,46.20,52.07
30,1984,38.18,60.47
30,1980,32.43,56.82
30,1976,45.40,52.84
30,1972,37.85,57.93
30,1968,41.59,50.60
30,1964,58.95,40.57
30,1960,48.60,51.10
30,1956,42.87,57.13
30,1952,40.07,59.39
30,1948,53.09,43.15
30,1944,54.28,44.93
30,1940,58.78,40.17
30,1936,69.28,27.59
30,1932,58.80,36.07
30,1928,40.48,58.37
30,1924,19.38,42.50
30,1920,32.05,61.13
30,1916,56.88,37.57
30,1912,35.00,23.19
30,1908,42.61,46.98
30,1904,33.79,54.21
30,1900,58.43,39.79
30,1896,79.93,19.71
30,1892,39.79,42.44
31,2016,33.70,58.75
31,2012,38.03,59.80
31,2008,41.60,56.53
31,2004,32.68,65.90
31,2000,33.25,62.25
31,1996,34.95,53.65
31,1992,29.40,46.58
31,1988,39.20,60.15
31,1984,28.81,70.55
31,1980,26.04,65.53
31,1976,38.46,59.19
31,1972,29.50,70.50
31,1968,31.81,59.82
31,1964,52.61,47.39
31,1960,37.93,62.07
31,1956,34.49,65.51
31,1952,30.85,69.15
31,1948,45.85,54.15
31,1944,41.42,58.58
31,1940,42.81,57.19
31,1936,57.14,40.74
31,1932,62.98,35.29
31,1928,36.18,63.19
31,1924,29.58,47.09
31,1920,31.25,64.66
31,1916,55.28,40.99
31,1912,43.69,21.74
31,1908,49.14,47.60
31,1904,23.44,61.38
31,1900,47.22,50.46
31,1896,51.53,46.18
31,1892,12.46,43.56
31,1888,39.75,53.51
31,1884,40.53,57.31
31,1880,32.62,62.87
31,1876,35.30,64.70
31,1872,29.32,70.68
31,1868,36.09,63.91
32,2016,47.92,45.50
32,2012,52.36,45.68
32,2008,55.15,42.65
32,2004,47.88,50.47
32,2000,45.98,49.52
32,1996,43.93,42.91
32,1992,37.36,34.73
32,1988,37.92,58.86
32,1984,31.97,65.85
32,1980,26.89,62.54
32,1976,45.81,50.17
32,1972,36.32,63.68
32,1968,39.29,47.46
32,1964,58.58,41.42
32,1960,51.16,48.84
32,1956,42.03,57.97
32,1952,38.55,61.45
32,1948,50.37,47.26
32,1944,54.62,45.38
32,1940,60.08,39.92
32,1936,72.81,27.19
32,1932,69.41,30.59
32,1928,43.46,56.54
32,1924,21.95,41.76
32,1920,36.22,56.92
32,1916,53.36,36.40
32,1912,39.70,15.89
32,1908,45.71,43.93
32,1904,32.87,56.66
32,1900,62.25,37.75
32,1896,81.21,18.79
32,1892,6.56,25.84
32,1888,41.94,57.73
32,1884,43.59,56.21
32,1880,52.40,47.60
32,1876,47.27,52.73
32,1872,42.57,57.43
32,1868,44.61,55.39
32,1864,40.16,59.84
33,2016,46.83,46.46
33,2012,51.98,46.40
33,2008,54.13,44.52
33,2004,50.24,48.87
33,2000,46.80,48.07
33,1996,49.32,39.37
33,1992,38.86,37.64
33,1988,36.33,62.49
33,1984,30.95,68.66
33,1980,28.35,57.74
33,1976,43.47,54.75
33,1972,34.85,63.98
33,1968,43.93,52.10
33,1964,63.89,36.11
33,1960,46.58,53.42
33,1956,33.84,66.11
33,1952,39.08,60.92
33,1948,46.66,52.41
33,1944,52.11,47.87
33,1940,53.22,46.78
33,1936,49.73,47.98
33,1932,48.99,50.42
33,1928,41.02,58.65
33,1924,34.72,59.83
33,1920,39.39,59.84
33,1916,49.12,49.06
33,1912,39.48,37.43
33,1908,37.56,59.32
33,1904,37.79,60.07
33,1900,38.42,59.33
33,1896,25.88,68.66
33,1892,47.11,51.11
33,1888,47.84,50.34
33,1884,46.34,51.14
33,1880,47.24,51.94
33,1876,48.05,51.83
33,1872,45.61,53.94
33,1868,44.76,55.22
33,1864,47.44,52.56
33,1860,39.26,56.90
33,1856,45.71,53.71
34,2016,54.99,41.00
34,2012,58.25,40.50
34,2008,57.14,41.61
34,2004,52.92,46.23
34,2000,56.13,40.29
34,1996,53.72,35.86
34,1992,42.95,40.58
34,1988,42.60,56.24
34,1984,39.20,60.09
34,1980,38.56,51.97
34,1976,47.92,50.08
34,1972,36.77,61.57
34,1968,43.97,46.10
34,1964,65.61,33.86
34,1960,49.96,49.16
34,1956,34.23,64.68
34,1952,41.99,56.81
34,1948,45.93,50.33
34,1944,50.31,48.95
34,1940,51.55,47.93
34,1936,59.54,39.57
34,1932,49.48,47.59
34,1928,39.79,59.77
34,1924,27.41,62.17
34,1920,28.42,67.65
34,1916,42.68,54.40
34,1912,41.20,20.53
34,1908,39.08,56.79
34,1904,38.05,56.68
34,1900,41.10,55.27
34,1896,36.02,59.68
34,1892,50.67,46.24
34,1888,49.87,47.52
34,1884,48.98,47.31
34,1880,49.84,49.02
34,1876,52.66,47.01
34,1872,45.48,54.52
34,1868,50.88,49.12
34,1864,52.84,47.16
34,1860,51.87,48.13
34,1856,47.23,28.51
35,2016,48.26,40.04
35,2012,52.99,42.84
35,2008,56.91,41.78
35,2004,49.05,49.84
35,2000,47.91,47.85
35,1996,49.18,41.86
35,1992,45.90,37.34
35,1988,46.90,51.86
35,1984,39.23,59.70
35,1980,36.78,54.97
35,1976,48.28,50.75
35,1972,36.56,61.05
35,1968,39.75,51.85
35,1964,59.22,40.24
35,1960,50.15,49.41
35,1956,41.78,57.81
35,1952,44.28,55.39
35,1948,56.38,42.93
35,1944,53.47,46.44
35,1940,56.59,43.28
35,1936,62.69,36.50
35,1932,62.72,35.76
35,1928,40.85,59.01
35,1924,43.02,48.52
35,1920,44.27,54.68
35,1916,50.20,46.64
35,1912,41.39,35.91
36,2016,59.01,36.52
36,2012,63.35,35.17
36,2008,62.88,36.03
36,2004,58.36,40.08
36,2000,60.22,35.22
36,1996,59.47,30.61
36,1992,49.73,33.88
36,1988,51.62,47.52
36,1984,45.83,53.84
36,1980,43.99,46.66
36,1976,51.87,47.45
36,1972,41.21,58.54
36,1968,49.76,44.30
36,1964,68.56,31.31
36,1960,52.53,47.27
36,1956,38.78,61.19
36,1952,43.55,55.45
36,1948,45.00,45.98
36,1944,52.31,47.30
36,1940,51.50,47.95
36,1936,58.85,38.97
36,1932,54.07,41.33
36,1928,47.44,49.79
36,1924,29.13,55.76
36,1920,26.95,64.56
36,1916,44.51,51.53
36,1912,41.27,28.68
36,1908,40.74,53.11
36,1904,42.28,53.13
36,1900,43.83,53.10
36,1896,38.72,57.58
36,1892,48.99,45.58
36,1888,48.19,49.28
36,1884,48.25,48.15
36,1880,48.42,50.32
36,1876,51.40,48.17
36,1872,46.77,53.23
36,1868,50.59,49.41
36,1864,49.54,50.46
36,1860,46.29,53.71
36,1856,32.84,46.27
37,2016,46.17,49.83
37,2012,48.35,50.39
37,2008,49.70,49.38
37,2004,43.58,56.02
37,2000,43.20,56.03
37,1996,44.04,48.73
37,1992,42.65,43.44
37,1988,41.71,57.97
37,1984,37.89,61.90
37,1980,47.18,49.30
37,1976,55.27,44.22
37,1972,28.89,69.46
37,1968,29.24,39.51
37,1964,56.15,43.85
37,1960,52.11,47.89
37,1956,50.66,49.34
37,1952,53.91,46.09
37,1948,58.02,32.68
37,1944,66.71,33.29
37,1940,74.03,25.97
37,1936,73.40,26.60
37,1932,69.93,29.28
37,1928,45.06,54.94
37,1924,58.89,39.73
37,1920,56.69,43.22
37,1916,58.10,41.71
37,1912,59.24,11.95
37,1908,54.22,45.49
37,1904,59.71,39.67
37,1900,53.92,45.47
37,1896,52.64,46.82
37,1892,47.44,35.80
37,1888,51.79,47.20
37,1884,53.25,46.59
37,1880,51.55,47.98
37,1876,53.62,46.38
37,1872,42.46,57.38
37,1868,46.59,53.41
37,1860,2.83,0.00
37,1856,56.78,0.00
38,2016,27.23,62.96
38,2012,38.69,58.32
38,2008,44.50,53.15
38,2004,35.50,62.86
38,2000,33.05,60.66
38,1996,40.13,46.94
38,1992,32.18,44.22
38,1988,42.97,56.03
38,1984,33.80,64.84
38,1980,26.26,64.23
38,1976,45.80,51.66
38,1972,35.79,62.07
38,1968,38.23,55.94
38,1964,57.97,41.88
38,1960,44.52,55.42
38,1956,38.09,61.72
38,1952,28.39,70.97
38,1948,43.41,52.17
38,1944,45.48,53.84
38,1940,44.18,55.06
38,1936,59.60,26.58
38,1932,69.59,28.00
38,1928,44.46,54.80
38,1924,6.96,47.68
38,1920,18.19,77.79
38,1916,47.84,46.34
38,1912,34.14,26.67
38,1908,34.79,61.02
38,1904,20.39,75.12
38,1900,35.53,62.12
38,1896,43.65,55.57
38,1892,0.00,48.50
39,2016,43.24,51.31
39,2012,50.58,47.60
39,2008,51.38,46.80
39,2004,48.71,50.81
39,2000,46.46,49.97
39,1996,47.38,41.02
39,1992,40.18,38.35
39,1988,44.15,55.00
39,1984,40.14,58.90
39,1980,40.91,51.51
39,1976,48.92,48.65
39,1972,38.07,59.63
39,1968,42.95,45.23
39,1964,62.94,37.06
39,1960,46.72,53.28
39,1956,38.89,61.11
39,1952,43.24,56.76
39,1948,49.48,49.24
39,1944,49.82,50.18
39,1940,52.20,47.80
39,1936,57.99,37.44
39,1932,49.88,47.03
39,1928,34.45,64.89
39,1924,23.70,58.33
39,1920,38.58,58.47
39,1916,51.86,44.18
39,1912,40.96,26.82
39,1908,44.82,51.03
39,1904,34.32,59.75
39,1900,45.66,52.30
39,1896,47.08,51.86
39,1892,47.53,47.66
39,1888,47.18,49.51
39,1884,46.94,50.99
39,1880,47.01,51.73
39,1876,49.07,50.21
39,1872,46.15,53.24
39,1868,46.00,54.00
39,1864,43.63,56.37
39,1860,43.30,51.24
39,1856,44.21,48.51
40,2016,28.93,65.32
40,2012,33.23,66.77
40,2008,34.35,65.65
40,2004,34.43,65.57
40,2000,38.43,60.31
40,1996,40.45,48.26
40,1992,34.02,42.65
40,1988,41.28,57.93
40,1984,30.67,68.61
40,1980,34.97,60.50
40,1976,48.75,49.96
40,1972,24.00,73.70
40,1968,31.99,47.68
40,1964,55.75,44.25
40,1960,40.98,59.02
40,1956,44.87,55.13
40,1952,45.41,54.59
40,1948,62.75,37.25
40,1944,55.57,44.20
40,1940,57.41,42.23
40,1936,66.83,32.69
40,1932,73.30,26.70
40,1928,35.44,63.72
40,1924,48.41,42.82
40,1920,44.61,50.11
40,1916,50.65,33.25
40,1912,46.95,35.77
40,1908,47.99,43.33
41,2016,50.07,39.09
41,2012,54.24,42.15
41,2008,56.75,40.40
41,2004,51.35,47.19
41,2000,46.96,46.52
41,1996,47.15,39.06
41,1992,42.48,32.53
41,1988,51.28,46.61
41,1984,43.74,55.91
41,1980,38.67,48.33
41,1976,47.62,47.78
41,1972,42.33,52.45
41,1968,43.78,49.83
41,1964,63.72,35.96
41,1960,47.32,52.56
41,1956,44.75,55.25
41,1952,38.93,60.54
41,1948,46.40,49.78
41,1944,51.78,46.94
41,1940,53.70,45.62
41,1936,64.42,29.64
41,1932,57.99,36.88
41,1928,34.14,64.18
41,1924,24.18,51.01
41,1920,33.55,60.20
41,1916,45.90,48.47
41,1912,34.34,25.30
41,1908,34.31,56.39
41,1904,19.43,67.06
41,1900,39.41,55.46
41,1896,47.98,50.07
41,1892,18.15,44.59
41,1888,42.88,53.82
41,1884,46.70,50.99
41,1880,48.88,50.51
41,1876,47.38,50.92
41,1872,38.43,58.66
41,1868,50.37,49.63
41,1864,46.10,53.90
41,1860,27.99,36.20
42,2016,47.46,48.17
42,2012,51.95,46.57
42,2008,54.47,44.15
42,2004,50.92,48.42
42,2000,50.60,46.43
42,1996,49.17,39.97
42,1992,45.15,36.13
42,1988,48.39,50.70
42,1984,45.99,53.34
42,1980,42.48,49.59
42,1976,50.40,47.73
42,1972,39.13,59.11
42,1968,47.59,44.02
42,1964,64.92,34.70
42,1960,51.06,48.74
42,1956,43.30,56.49
42,1952,46.85,52.74
42,1948,46.92,50.93
42,1944,51.14,48.36
42,1940,53.23,46.33
42,1936,56.88,40.84
42,1932,45.33,50.84
42,1928,33.89,65.24
42,1924,19.08,65.34
42,1920,27.20,65.76
42,1916,40.22,54.25
42,1912,32.49,22.45
42,1908,35.41,58.84
42,1904,27.33,68.00
42,1900,36.16,60.74
42,1896,36.27,60.98
42,1892,45.09,51.45
42,1888,44.77,52.74
42,1884,43.46,52.97
42,1880,46.57,50.84
42,1876,48.25,50.62
42,1872,37.65,62.07
42,1868,47.80,52.20
42,1864,48.25,51.75
42,1860,3.52,56.26
42,1856,50.13,32.01
44,2016,54.41,38.90
44,2012,62.70,35.24
44,2008,62.86,35.06
44,2004,59.42,38.67
44,2000,60.99,31.91
44,1996,59.71,26.82
44,1992,47.04,29.02
44,1988,55.64,43.93
44,1984,48.02,51.66
44,1980,47.67,37.20
44,1976,55.36,44.08
44,1972,46.81,53.00
44,1968,64.03,31.78
44,1964,80.87,19.13
44,1960,63.63,36.37
44,1956,41.74,58.26
44,1952,49.05,50.89
44,1948,57.59,41.44
44,1944,58.59,41.26
44,1940,56.73,43.17
44,1936,53.10,40.18
44,1932,55.08,43.31
44,1928,50.16,49.55
44,1924,36.46,59.63
44,1920,32.78,63.97
44,1916,46.00,51.08
44,1912,39.04,35.56
44,1908,34.16,60.76
44,1904,36.18,60.60
44,1900,35.04,59.74
44,1896,26.39,68.33
44,1892,45.75,50.71
44,1888,42.99,53.88
44,1884,37.81,58.07
44,1880,36.87,62.24
44,1876,40.23,59.29
44,1872,28.06,71.94
44,1868,33.51,66.49
44,1864,37.76,62.24
44,1860,38.63,61.37
44,1856,33.70,57.85
45,2016,40.67,54.94
45,2012,44.09,54.56
45,2008,44.90,53.87
45,2004,40.90,57.98
45,2000,40.91,56.83
45,1996,43.85,49.89
45,1992,39.88,48.02
45,1988,37.58,61.50
45,1984,35.57,63.55
45,1980,48.04,49.57
45,1976,56.17,43.13
45,1972,27.92,70.58
45,1968,29.61,38.09
45,1964,41.10,58.89
45,1960,51.24,48.76
45,1956,45.37,25.18
45,1952,50.72,49.28
45,1948,24.14,3.78
45,1944,87.64,4.46
45,1940,95.63,4.37
45,1936,98.57,1.43
45,1932,98.03,1.89
45,1928,91.39,8.54
45,1924,96.56,2.21
45,1920,96.05,3.91
45,1916,96.71,2.42
45,1912,95.94,1.06
45,1908,93.84,5.94
45,1904,95.36,4.63
45,1900,92.96,7.04
45,1896,85.30,13.51
45,1892,77.56,18.93
45,1888,82.28,17.17
45,1884,75.25,23.41
45,1880,65.51,34.13
45,1876,49.76,50.24
45,1872,23.78,75.73
45,1868,42.07,57.93
46,2016,31.74,61.53
46,2012,39.87,57.89
46,2008,44.75,53.16
46,2004,38.44,59.91
46,2000,37.56,60.30
46,1996,43.03,46.49
46,1992,37.14,40.66
46,1988,46.51,52.85
46,1984,36.53,63.00
46,1980,31.69,60.53
46,1976,48.91,50.39
46,1972,45.52,54.15
46,1968,41.96,53.27
46,1964,55.61,44.39
46,1960,41.79,58.21
46,1956,41.61,58.39
46,1952,30.73,69.27
46,1948,47.04,51.84
46,1944,41.67,58.33
46,1940,42.59,57.41
46,1936,54.02,42.49
46,1932,63.62,34.40
46,1928,39.20,60.18
46,1924,13.35,49.69
46,1920,19.72,60.74
46,1916,45.91,49.80
46,1912,42.07,0.00
46,1908,35.08,58.84
46,1904,21.67,71.09
46,1900,41.14,56.73
46,1896,49.70,49.48
46,1892,12.88,49.48
47,2016,34.72,60.72
47,2012,39.04,59.42
47,2008,41.79,56.85
47,2004,42.51,56.81
47,2000,47.28,51.15
47,1996,48.00,45.59
47,1992,47.08,42.43
47,1988,41.55,57.89
47,1984,41.57,57.84
47,1980,48.41,48.70
47,1976,55.94,42.94
47,1972,29.75,67.70
47,1968,28.13,37.85
47,1964,55.50,44.49
47,1960,45.77,52.92
47,1956,48.60,49.21
47,1952,49.71,49.99
47,1948,49.14,36.87
47,1944,60.45,39.22
47,1940,67.25,32.35
47,1936,68.78,30.81
47,1932,66.49,32.48
47,1928,46.04,53.76
47,1924,52.86,43.54
47,1920,48.19,51.29
47,1916,56.31,42.70
47,1912,52.80,24.00
47,1908,52.73,45.87
47,1904,54.23,43.40
47,1900,53.03,44.95
47,1896,52.09,46.33
47,1892,51.36,37.83
47,1888,52.26,45.76
47,1884,51.45,47.74
47,1880,53.26,44.26
47,1876,59.79,40.21
47,1872,52.16,47.84
47,1868,31.57,68.43
47,1860,7.72,0.00
47,1856,52.18,0.00
48,2016,43.24,52.23
48,2012,41.35,57.13
48,2008,43.63,55.38
48,2004,38.22,61.09
48,2000,37.98,59.30
48,1996,43.83,48.76
48,1992,37.08,40.56
48,1988,43.35,55.95
48,1984,36.11,63.61
48,1980,41.42,55.28
48,1976,51.14,47.97
48,1972,33.24,66.20
48,1968,41.14,39.87
48,1964,63.32,36.49
48,1960,50.52,48.52
48,1956,43.98,55.26
48,1952,46.69,53.13
48,1948,65.96,24.29
48,1944,71.42,16.64
48,1940,80.92,18.91
48,1936,87.08,12.32
48,1932,88.06,11.35
48,1928,48.10,51.77
48,1924,73.70,19.78
48,1920,59.34,23.54
48,1916,76.92,17.45
48,1912,72.73,9.45
48,1908,73.97,22.35
48,1904,71.45,21.90
48,1900,63.12,30.83
48,1896,68.00,30.75
48,1892,56.65,19.22
48,1888,65.70,24.73
48,1884,69.26,28.63
48,1880,64.71,23.95
48,1876,70.04,29.96
48,1872,57.07,40.71
48,1860,0.00,0.00
48,1856,66.59,0.00
49,2016,27.17,45.05
49,2012,24.67,72.55
49,2008,34.17,62.15
49,2004,26.00,71.54
49,2000,26.34,66.83
49,1996,33.30,54.37
49,1992,24.65,43.36
49,1988,32.05,66.22
49,1984,24.68,74.50
49,1980,20.57,72.77
49,1976,33.65,62.44
49,1972,26.39,67.64
49,1968,37.07,56.49
49,1964,54.86,45.14
49,1960,45.17,54.81
49,1956,35.44,64.56
49,1952,41.07,58.93
49,1948,53.98,45.02
49,1944,60.44,39.42
49,1940,62.25,37.59
49,1936,69.34,29.79
49,1932,56.52,41.05
49,1928,45.86,53.58
49,1924,29.94,49.26
49,1920,38.84,55.93
49,1916,58.78,37.82
49,1912,32.55,37.46
49,1908,39.22,56.19
49,1904,32.86,61.42
49,1900,48.30,50.58
49,1896,82.70,17.27
50,2016,56.68,30.27
50,2012,66.57,30.97
50,2008,67.46,30.45
50,2004,58.94,38.80
50,2000,50.63,40.70
50,1996,53.35,31.09
50,1992,46.11,30.42
50,1988,47.58,51.10
50,1984,40.81,57.92
50,1980,38.41,44.37
50,1976,43.14,54.34
50,1972,36.47,62.66
50,1968,43.53,52.75
50,1964,66.30,33.69
50,1960,41.35,58.65
50,1956,27.81,72.16
50,1952,28.23,71.45
50,1948,36.92,61.54
50,1944,42.93,57.06
50,1940,44.92,54.78
50,1936,43.24,56.39
50,1932,41.08,57.66
50,1928,32.87,66.87
50,1924,15.67,78.22
50,1920,23.25,75.82
50,1916,35.22,62.43
50,1912,24.43,37.13
50,1908,21.82,75.08
50,1904,18.84,77.97
50,1900,22.86,75.73
50,1896,16.66,80.08
50,1892,29.26,68.09
50,1888,25.65,69.05
50,1884,29.18,66.52
50,1880,28.15,69.81
50,1876,31.38,68.30
50,1872,20.62,78.29
50,1868,21.43,78.57
50,1864,23.90,76.10
50,1860,19.41,75.86
50,1856,20.84,77.96
51,2016,49.75,44.43
51,2012,51.16,47.28
51,2008,52.63,46.33
51,2004,45.48,53.68
51,2000,44.44,52.47
51,1996,45.15,47.10
51,1992,40.59,44.97
51,1988,39.23,59.74
51,1984,37.09,62.29
51,1980,40.31,53.03
51,1976,47.96,49.29
51,1972,30.12,67.84
51,1968,32.49,43.36
51,1964,53.54,46.18
51,1960,46.97,52.44
51,1956,38.36,55.37
51,1952,43.36,56.32
51,1948,47.89,41.04
51,1944,62.36,37.39
51,1940,68.08,31.55
51,1936,70.23,29.39
51,1932,68.46,30.09
51,1928,45.90,53.91
51,1924,62.48,32.79
51,1920,61.33,37.86
51,1916,66.77,32.05
51,1912,65.95,17.00
51,1908,60.52,38.36
51,1904,61.84,36.95
51,1900,55.29,43.82
51,1896,52.50,45.94
51,1892,56.17,38.70
51,1888,49.99,49.46
51,1884,51.05,48.90
51,1880,60.53,39.47
51,1876,59.58,40.42
51,1872,49.49,50.47
51,1860,9.71,1.13
51,1856,59.96,0.00
53,2016,52.54,36.83
53,2012,55.80,41.03
53,2008,57.34,40.26
53,2004,52.77,45.60
53,2000,50.13,44.56
53,1996,49.84,37.30
53,1992,43.40,31.96
53,1988,50.05,48.46
53,1984,42.86,55.82
53,1980,37.32,49.66
53,1976,46.11,50.00
53,1972,38.64,56.92
53,1968,47.23,45.12
53,1964,61.97,37.37
53,1960,48.27,50.68
53,1956,45.44,53.91
53,1952,44.69,54.33
53,1948,52.61,42.68
53,1944,56.84,42.24
53,1940,58.22,40.58
53,1936,66.38,29.88
53,1932,57.46,33.94
53,1928,31.30,67.06
53,1924,10.16,52.24
53,1920,21.14,55.96
53,1916,48.13,43.89
53,1912,26.90,21.82
53,1908,31.92,57.68
53,1904,19.36,69.95
53,1900,41.70,53.44
53,1896,56.97,41.84
53,1892,33.88,41.45
54,2016,26.18,67.85
54,2012,35.45,62.14
54,2008,42.49,55.58
54,2004,43.20,56.06
54,2000,45.59,51.92
54,1996,51.51,36.76
54,1992,48.41,35.39
54,1988,52.20,47.46
54,1984,44.60,55.11
54,1980,49.81,45.30
54,1976,58.07,41.93
54,1972,36.39,63.61
54,1968,49.60,40.78
54,1964,67.94,32.06
54,1960,52.73,47.27
54,1956,45.92,54.08
54,1952,51.92,48.08
54,1948,57.32,42.24
54,1944,54.89,45.11
54,1940,57.10,42.90
54,1936,60.56,39.20
54,1932,54.47,44.47
54,1928,41.04,58.43
54,1924,44.07,49.45
54,1920,43.30,55.30
54,1916,48.44,49.38
54,1912,42.11,21.11
54,1908,43.17,53.42
54,1904,42.03,55.26
54,1900,44.75,54.27
54,1896,46.83,52.23
54,1892,49.37,46.93
54,1888,49.35,49.03
54,1884,50.94,47.75
54,1880,50.95,41.05
54,1876,56.75,42.15
54,1872,47.28,51.74
54,1868,41.17,58.83
54,1864,31.76,68.24
55,2016,46.45,47.22
55,2012,52.83,45.89
55,2008,56.22,42.31
55,2004,49.70,49.32
55,2000,47.83,47.61
55,1996,48.81,38.48
55,1992,41.13,36.78
55,1988,51.41,47.80
55,1984,45.02,54.19
55,1980,43.18,47.90
55,1976,49.50,47.83
55,1972,43.72,53.40
55,1968,44.27,47.89
55,1964,62.09,37.74
55,1960,48.05,51.77
55,1956,37.84,61.58
55,1952,38.71,60.95
55,1948,50.70,46.28
55,1944,48.57,50.37
55,1940,50.15,48.32
55,1936,63.80,30.26
55,1932,63.46,31.19
55,1928,44.28,53.52
55,1924,8.10,37.06
55,1920,16.17,71.10
55,1916,42.80,49.39
55,1912,41.06,32.65
55,1908,36.67,54.52
55,1904,28.01,63.21
55,1900,35.97,60.06
55,1896,37.00,59.93
55,1892,47.72,46.05
55,1888,43.77,49.79
55,1884,45.79,50.38
55,1880,42.91,54.04
55,1876,48.19,50.57
55,1872,44.97,54.60
55,1868,43.75,56.25
55,1864,44.12,55.88
55,1860,42.73,56.59
55,1856,44.22,55.30
56,2016,21.88,68.17
56,2012,27.82,68.64
56,2008,32.54,64.78
56,2004,29.07,68.86
56,2000,27.70,67.76
56,1996,36.84,49.81
56,1992,33.97,39.55
56,1988,38.01,60.53
56,1984,28.24,70.51
56,1980,27.97,62.64
56,1976,39.81,59.30
56,1972,30.47,69.01
56,1968,35.51,55.76
56,1964,56.56,43.44
56,1960,44.99,55.01
56,1956,39.92,60.08
56,1952,37.09,62.71
56,1948,51.62,47.27
56,1944,48.77,51.23
56,1940,52.82,46.89
56,1936,60.58,37.47
56,1932,56.07,40.82
56,1928,35.37,63.68
56,1924,16.11,52.39
56,1920,31.86,64.15
56,1916,54.62,41.86
56,1912,36.20,34.42
56,1908,39.67,55.43
56,1904,29.08,66.72
56,1900,41.17,58.66
56,1896,51.49,47.75
56,1892,0.00,50.52